from to distance betweenness
1601 2444 1012.1 17802.3242842
1266 1575 816.32 12418.0250992
2432 2443 767.63 9240.0
1570 1601 492.24 9142.30882635
2431 2444 361.45 9057.95096303
2436 2443 201.13 8652.0
1569 1578 814.52 8578.67244324
2393 2435 826.61 8340.53868296
2436 2447 370.63 8060.0
1574 1575 388.29 7657.19594053
1737 1745 288.37 7652.11616892
1197 1211 486.61 7464.0
1570 1572 449.17 7196.97148981
1211 1288 726.63 6893.18039549
1745 1760 524.5 6870.82235039
1197 1199 174.45 6864.0
1578 1579 464.35 6637.79444038
1637 1737 766.37 6557.14954729
1570 1602 687.2 6102.11136235
1642 2497 680.02 6090.95650001
2423 2431 443.87 6018.28241101
1751 2430 809.31 5942.95977083
1602 1617 819.25 5641.24469569
1640 4960 566.93 5622.00606257
1226 1569 814.27 5571.17373227
1760 2435 620.69 5394.97136833
2441 2444 524.72 5350.81213642
1636 1640 576.07 5231.88841569
1565 1572 455.09 5106.7049412
2414 2435 721.08 4981.29834391
1608 1642 610.8 4844.72953159
2435 2451 374.61 4698.99244155
1565 1568 319.57 4600.69411549
2490 2497 384.91 4577.44489733
2451 2490 867.14 4518.42889894
2427 2432 457.96 4374.11027469
1588 1640 809.49 4288.51203032
1581 1646 571.78 4254.81990781
1646 1751 485.22 4253.60883488
2490 2494 202.98 4148.15906244
1276 1288 326.89 4074.57949227
2427 2435 426.69 4061.40905993
1666 4865 1032.0 3874.32608227
1637 1707 477.21 3856.84413153
1199 1202 444.72 3804.0
1646 1776 670.61 3772.10245938
1280 1565 592.14 3700.08531138
2430 2434 621.09 3698.42363822
2430 2435 157.6 3677.78101386
1259 1267 618.21 3588.74871219
1568 1590 727.32 3544.53401743
1266 1276 571.0 3540.86511095
1566 1608 607.09 3537.92679262
1577 1588 537.45 3473.62336208
1590 1601 330.48 3461.51242675
2429 2441 572.14 3381.267587
1666 2431 695.79 3290.8968927
1579 1581 132.72 3238.11423761
1202 1239 589.2 3180.0
2429 2432 282.33 3167.8293814
1566 1575 194.24 3115.4655182
1259 1266 486.28 3095.68929356
1611 1662 844.43 2990.51646418
1637 4960 476.04 2882.20682899
1571 1577 173.22 2808.52206338
1572 1578 192.5 2806.00925575
1617 1649 541.88 2761.19232473
1646 4943 625.08 2732.02581871
1574 1625 617.12 2657.32103497
1598 1622 481.92 2652.66292614
1595 1611 532.5 2638.31949448
1215 1226 407.97 2565.62968854
2447 2457 165.48 2525.33333333
1622 1652 486.98 2499.67432899
1574 1608 495.76 2482.34919496
1285 1565 585.62 2446.47133469
1288 1559 425.9 2430.934999
2432 2434 149.8 2382.07302338
2431 2435 120.54 2310.96822567
2444 2449 183.67 2300.20285919
1561 1565 394.44 2285.15178384
1224 1280 818.43 2251.64859555
1559 1583 666.41 2219.43118129
2494 4894 624.52 2183.9047619
1574 1581 306.51 2180.92669038
1601 1608 261.43 2162.94459296
1621 1627 389.2 2143.73561072
2419 2423 484.46 2140.16130235
1621 1641 691.22 2129.67045462
2393 2401 433.67 2039.28129674
1625 1646 461.4 2036.25147533
1579 1596 447.6 1972.81716903
1581 1627 539.37 1942.81932144
2393 2397 650.19 1940.63281691
1596 1601 249.44 1923.60689304
1229 1282 730.13 1920.0
1221 1224 222.41 1920.0
2447 2486 723.4 1920.0
1196 1199 241.24 1920.0
2425 2437 627.45 1900.97188516
2435 2449 362.96 1894.43083913
2490 2496 270.42 1881.00878959
1633 4945 571.85 1880.94748156
1652 2488 464.89 1861.1145962
1591 1595 181.03 1847.22425639
1637 1649 235.32 1845.73743748
1637 1671 367.83 1841.20769907
1760 1786 553.02 1839.7404248
1583 1591 328.1 1834.90044686
1776 1786 296.44 1794.31425266
4865 4866 97.978 1768.10227275
1785 2437 626.07 1751.25395203
2394 2423 458.33 1716.07235622
4943 4945 335.17 1705.58970432
2490 2498 224.46 1697.99630316
1226 1229 168.38 1677.36149703
1636 1662 282.15 1676.48384011
1666 1786 555.58 1657.73437206
1625 1631 193.39 1640.99831421
1786 2472 587.44 1627.35563416
1617 1623 135.48 1604.95871028
1636 1642 178.91 1568.33278709
1635 1785 599.83 1563.91850535
2410 2414 454.88 1559.20008999
4864 4865 111.82 1508.22380952
1579 1598 327.23 1505.61780365
1571 1583 373.79 1468.66004218
1258 1266 153.07 1400.90619532
1635 1662 309.84 1394.73436792
1276 1569 700.33 1364.58480578
1568 1573 512.48 1360.75377364
1211 1215 277.72 1348.16918434
1560 1565 429.62 1332.28450446
2437 2441 465.98 1297.16746543
1570 1574 191.71 1289.03304177
1196 1212 459.04 1284.0
1213 1221 439.75 1284.0
1215 2109 933.27 1284.0
1278 1282 198.24 1284.0
1617 1677 1038.4 1284.0
1623 1696 1186.6 1284.0
1649 1690 784.76 1284.0
1771 1785 884.17 1284.0
2457 2466 249.15 1284.0
2486 2493 414.22 1284.0
1707 1711 283.41 1267.19047619
2447 2452 76.483 1265.33333333
1641 2498 481.97 1246.284951
4893 4894 122.56 1246.0
1567 1570 242.88 1241.40268709
2472 4961 493.75 1202.7325889
2451 2476 526.54 1201.38649036
1563 1570 332.41 1189.60262307
1645 1751 432.8 1177.71985273
4960 4976 310.34 1166.46394103
1597 1601 179.19 1151.39814478
1609 2440 821.07 1127.84345972
1745 1764 541.42 1095.04654762
1737 4958 859.45 1091.24025209
1643 2496 383.26 1057.97253245
1264 1571 708.35 1056.56630134
2430 2431 100.93 1055.65505959
1566 1597 578.13 1051.38109402
1285 1559 314.99 1044.64037265
1640 4945 475.62 1040.05550043
1567 1575 130.86 1031.48708504
1671 1697 517.52 1023.94721336
2424 2435 424.76 1014.93180781
1623 1633 227.83 1013.97856829
1563 1575 350.05 1007.46469273
1625 1636 429.12 988.468107202
1566 1600 742.18 985.860698428
2440 2444 115.71 980.878972992
2494 4899 522.87 973.12995671
1285 1558 459.52 972.368417576
1665 2497 132.47 969.754173973
1790 2430 674.84 968.882316225
1624 1662 330.64 968.536570854
2424 2482 776.57 948.46134201
1267 1296 355.74 947.588795518
2422 2423 135.65 936.724136136
2440 2442 447.26 929.484070907
1227 1266 771.48 928.351404454
1785 1786 358.75 923.008573847
1267 1273 144.16 919.033239963
1642 1753 466.6 917.62258234
1266 1275 269.33 917.053017812
1247 1280 437.29 916.479894049
2420 2427 297.47 911.874084634
1588 1600 213.47 911.425741113
2441 2455 378.03 909.402409538
1637 1769 418.52 903.606688453
1628 1637 273.23 901.308073898
1622 1624 472.92 898.470976929
1299 1569 473.71 897.478262756
1761 1764 683.62 894.326483484
1622 1636 228.47 889.115003638
1559 1561 192.96 877.058995638
1566 1572 493.68 873.799715606
1581 1663 687.08 870.572784862
1636 1646 209.73 870.034091825
1229 1257 512.4 862.209898581
2475 2488 389.98 861.772780881
1609 1662 476.15 861.398816745
2392 2419 400.64 851.222394376
2426 2427 194.68 847.483662874
1652 1655 132.0 839.393037224
1573 1598 467.45 838.303345656
1255 1562 858.21 835.251287806
2472 2482 344.46 828.540725721
1636 1645 381.53 824.006399001
2393 2400 170.66 822.564401836
1573 1581 328.47 822.486011374
1703 1707 281.6 821.973578022
1666 2475 432.83 816.344779514
1764 2449 648.04 814.593382034
1560 1571 568.41 814.063273418
1259 1280 388.63 809.702075352
2464 2475 456.68 802.733262116
1561 1562 250.97 799.86604037
1642 1646 75.38 798.776291484
1773 1790 421.54 791.950774545
1671 4976 450.72 785.567574118
2431 2448 488.6 783.070784182
1671 1708 367.65 762.037226542
1776 1790 390.35 760.894900476
1608 1620 307.39 755.922310229
1751 1753 131.68 755.103898692
1637 1661 299.35 754.873881344
1672 4943 430.1 752.412077463
1589 1600 380.78 746.281668661
2422 2424 164.9 740.845491092
2415 2423 329.09 737.317773094
1617 1633 293.09 727.097012546
1621 2476 556.85 718.083696621
2448 2453 461.85 717.496846433
2404 2414 144.11 716.903616942
2435 2437 125.9 716.438338147
1672 4958 452.04 714.599434827
2455 2462 337.14 714.210956066
1254 1266 233.38 713.934803682
1261 1266 297.85 710.756223939
1697 1707 464.1 708.079208623
2481 4961 587.56 702.671606776
1646 1761 371.41 695.053440156
2427 2442 572.9 693.611018168
1565 1589 566.5 689.043397461
1631 1657 358.99 688.601446988
1272 1285 390.25 687.933712964
1641 1654 276.71 677.204977676
1564 1569 390.68 668.341611631
2429 2437 564.59 666.198500089
1266 1280 321.26 665.25417115
2488 4961 307.84 663.722713371
1280 1299 269.94 662.06013636
1747 1752 629.21 654.219780443
1624 2476 548.11 646.746797041
1708 1718 514.01 644.571428571
1764 1776 424.19 644.4413172
1199 1219 676.91 644.0
1207 1212 64.155 644.0
1213 1214 296.8 644.0
1247 1249 477.96 644.0
1269 1278 212.67 644.0
1299 1612 884.45 644.0
1559 1576 541.19 644.0
1577 1584 208.34 644.0
1578 1580 318.65 644.0
1583 1618 565.81 644.0
1603 1623 376.62 644.0
1647 1657 170.91 644.0
1677 1691 626.61 644.0
1686 1696 445.44 644.0
1690 1694 240.67 644.0
1719 1748 1027.6 644.0
1763 1769 223.65 644.0
1771 1777 226.07 644.0
1792 2463 514.4 644.0
2105 2109 217.7 644.0
2394 2461 707.21 644.0
2434 2445 336.44 644.0
2447 2470 514.18 644.0
2452 2458 375.55 644.0
2457 2460 534.12 644.0
2464 2467 574.47 644.0
2466 2471 534.63 644.0
2468 2481 659.58 644.0
2493 2500 260.38 644.0
4889 4893 345.36 644.0
1226 1242 403.08 644.0
4862 4864 534.67 644.0
1745 1747 256.38 642.225959059
1748 1753 262.22 640.318467746
1239 1241 193.19 640.0
1697 1698 91.247 640.0
1711 1716 465.38 639.428571429
1233 1239 207.32 639.0
1239 1245 292.99 639.0
1238 1239 264.14 638.0
2385 2393 202.28 635.299586477
2446 2447 36.463 630.0
2447 2454 225.08 630.0
1266 1271 324.66 629.803277866
1267 1295 342.16 614.777777778
1658 2498 277.71 606.795022324
2479 2494 379.81 598.905147226
2444 2456 344.63 596.981119923
1594 1601 237.59 594.466418944
1240 1258 537.6 593.974925075
1786 2451 502.12 591.515415688
1627 1636 137.65 590.147624158
2494 4861 422.24 580.901428688
2484 2498 343.58 580.872622074
2494 4961 483.58 576.254525515
1615 1617 354.2 573.337438723
1257 1288 490.54 569.20512623
1622 1646 295.67 567.043501457
1288 1558 222.59 562.129333269
4866 4868 263.09 561.234863674
2440 2451 249.68 558.902189283
1790 1792 270.88 558.352036715
1643 4867 962.1 558.12446718
2449 2451 96.224 556.08582897
2393 2407 302.74 551.383411621
1222 1299 669.53 548.60948308
1279 1560 496.84 544.236710893
1257 1259 215.53 543.141908877
1662 1752 491.03 542.401888712
2393 2419 370.53 541.399946294
1776 2474 513.99 534.054764797
1624 1656 470.44 533.918208662
1645 1744 411.97 529.81045621
2405 2414 138.33 529.475047452
1669 4960 254.95 525.895853624
1262 1267 72.744 524.318595905
1596 1625 583.06 523.641623359
1707 1708 222.52 522.772297268
2398 2419 311.04 519.463907228
2440 2476 556.58 516.128468403
2464 2482 534.25 514.103353506
1660 2497 214.79 511.408405483
1660 2490 491.97 510.117123289
1266 1285 387.84 506.412417265
2411 2422 492.85 506.000173777
1785 1790 199.34 503.50186973
1234 1247 574.61 497.112977291
1280 1294 634.22 497.106762193
2396 2412 260.07 496.857914577
2433 2435 72.998 493.925453803
4866 4867 177.69 487.662647167
1792 2476 251.93 483.337919339
2462 2484 649.29 480.953213614
1776 1778 221.87 479.324743246
1570 1573 168.01 475.380971769
1655 1666 253.98 475.074757206
1623 1626 287.53 474.609701306
1760 2456 520.78 473.437703367
1587 1625 617.77 472.949864637
1586 1595 246.31 471.095238095
1652 2476 421.09 470.46589811
2390 2414 228.03 468.70482285
1614 1646 348.21 468.664332147
1622 1638 390.06 465.781033786
2390 2393 77.904 461.921014175
1570 1582 419.06 460.825126049
1697 1702 281.39 458.026421978
1663 1668 559.46 457.378972071
1631 1640 265.04 456.290472417
2481 2498 440.88 456.231954452
2389 2404 610.24 453.753167588
1646 1668 326.14 452.314073697
1594 1610 439.23 447.551265195
2416 2425 157.39 446.479694593
2396 2422 506.94 440.04085166
2402 2410 361.41 436.941450478
1648 1661 197.82 436.715253199
1645 1670 287.25 435.698314705
1655 2451 673.32 434.397971438
1668 1773 348.57 433.663238423
1669 4958 282.46 431.029137011
1786 1790 296.67 430.391427905
1665 4961 270.08 427.076796284
1615 1628 316.89 423.617221902
1642 1758 381.9 421.587607731
2433 2440 309.61 420.345994118
1226 1234 309.72 418.092101926
1587 1601 294.81 414.366818919
1770 1776 297.23 414.067238296
1663 4943 380.31 406.774721102
1624 1761 515.68 405.918218776
2394 2396 270.52 405.235579713
1667 4960 445.18 403.420225527
1666 2472 472.23 402.74025263
2435 2442 380.61 402.135761124
1247 1264 326.87 400.94455798
2401 2413 261.59 399.522184411
1649 4976 369.2 397.913696682
1649 1769 322.27 397.684819355
2401 2402 158.26 394.395927961
1624 1652 332.51 394.245067869
2485 2498 456.73 389.421932314
1631 1672 430.95 388.690816617
2427 2437 450.14 387.928982023
2417 2423 257.62 386.828540801
1585 1607 460.12 383.422320339
1646 1653 119.03 382.678205161
4943 4944 279.66 381.097191697
1624 1635 368.38 380.404772353
2385 2408 307.08 380.280361137
2429 2439 482.16 379.216925468
1786 2433 616.39 378.262331201
1620 1670 710.98 374.89036974
1264 1560 432.06 371.931191069
2394 2426 591.77 369.898209085
4896 4899 253.17 368.095238095
1215 1229 446.66 367.856582633
2472 2480 313.32 365.578843483
1248 1258 521.56 364.267320293
2385 2425 546.1 360.128808895
1624 1673 397.3 358.968225785
1609 1638 518.11 356.727426854
1257 1275 441.41 354.415829486
2397 2413 309.97 354.074701192
4958 4960 84.281 353.341846545
1621 1624 117.21 352.191260846
4959 4960 10.698 352.132724714
4863 4866 348.39 345.676190476
2448 2455 289.86 345.500854221
1581 1608 520.39 342.947552707
2501 4961 458.17 342.123665377
1748 1752 289.43 341.941081137
2394 2410 349.36 341.685200389
1649 1661 391.78 341.548640788
1642 1668 337.39 340.604388465
1299 1561 236.95 340.319230851
2399 2401 471.15 339.697849969
1660 2495 421.67 339.063203463
2404 2425 384.21 337.511925027
2404 2420 448.08 337.147536353
1273 1289 195.3 336.411204482
1790 2476 336.13 334.507219414
1626 1661 425.45 330.96958977
1257 1271 357.02 330.49999219
1748 1773 470.66 330.31322543
1257 1261 302.67 330.182038148
2481 2496 358.19 329.929412725
2388 2390 528.21 328.085468517
1657 4945 352.37 326.340939561
1764 1765 82.595 325.288551668
2433 2448 480.03 323.55529697
2441 2442 303.44 323.280369683
1224 1227 219.09 321.678388581
2404 2406 348.69 321.399199546
2392 2409 279.7 321.001882407
2428 2449 482.69 320.510010967
4894 4896 159.24 316.571428571
1581 1585 110.47 310.976077692
1289 1296 149.25 309.588795518
1581 1582 65.926 309.495259263
2403 2413 139.21 308.362182156
1778 2433 558.27 308.160274381
1607 1614 182.7 307.915605152
1645 1646 455.76 306.582431423
1637 1667 321.81 302.935591502
2411 2419 168.49 302.331484666
1574 1585 362.18 300.224030877
1573 1587 399.18 300.092631808
1657 1672 202.61 299.368795953
2402 2403 218.74 298.433968425
4863 4864 241.35 298.323809524
1656 2497 311.28 297.000874421
1663 1670 338.03 296.421381497
2393 2395 53.035 295.784438573
1299 1559 95.595 295.37349495
2410 2418 514.12 294.707897012
2434 2439 299.43 293.363660612
1627 1645 330.09 291.457205027
2387 2410 470.03 291.018004908
2395 2414 192.79 290.950570481
1607 1653 418.7 290.103096584
1280 1560 340.43 289.169705295
1652 1673 228.18 285.031774215
2400 2408 341.01 284.634401368
2405 2406 558.34 284.473425416
2415 2421 217.89 281.811468605
2401 2419 271.13 281.693897619
2435 2438 308.43 281.571514845
2391 2393 104.87 281.412953374
2391 2414 192.71 278.704547891
1765 2438 714.72 276.63057943
1248 1264 388.08 274.609755954
2498 2501 84.685 272.061410769
2393 2394 93.646 270.665516043
2414 2417 306.36 269.421455669
1792 2474 296.33 269.172742359
1566 1573 286.67 265.159332499
2386 2400 447.42 265.084771178
1559 1562 239.78 264.856365621
1760 1764 118.13 263.925212214
1663 4944 293.72 262.902808303
1264 1271 253.09 262.781343397
2397 2399 75.154 261.230475254
1636 1653 254.39 260.027141034
2394 2414 175.46 258.918552712
2393 2425 406.38 258.437780674
1275 1562 423.54 258.138677989
1627 1642 230.34 258.022755627
1649 1669 414.58 257.284540575
2438 2456 517.7 257.255418856
1614 1642 332.8 255.298284889
1624 2474 581.41 254.410469576
1614 1752 519.6 251.194309883
1275 1559 312.67 247.850661547
1760 1770 284.29 247.28801597
2494 2498 85.572 247.120998229
1254 1257 349.0 247.102309813
2440 2456 374.92 246.143717085
1649 1674 245.89 245.71596723
1627 1646 254.17 245.649780349
2428 2435 289.08 245.226403664
4958 4959 73.583 242.716062099
1626 1628 217.07 241.307417382
2431 2438 283.03 238.340370701
2397 2418 330.9 237.767184071
2485 2496 527.66 236.759386319
2430 2433 113.51 236.042463891
1637 4959 478.68 233.466468469
2442 2448 338.64 233.076114949
2387 2397 321.96 232.784878611
1665 2480 418.29 232.697375222
1648 1671 430.38 228.695857912
1752 1761 221.74 228.604127109
2423 2424 65.401 226.523959903
1668 1752 195.12 226.362572875
1255 1262 344.9 225.251287806
1638 1670 366.06 223.96035628
1222 1226 167.2 223.773013835
1610 1620 308.03 221.243761588
1587 1608 431.65 213.455969994
1573 1593 406.5 212.946621302
1261 1264 298.3 209.523370814
2428 2431 262.9 208.994090427
1563 1574 402.47 208.093729249
1579 1585 210.93 207.979569553
2386 2401 289.67 207.695688192
2474 2476 164.64 206.116728889
1247 1259 386.33 205.924882037
1276 1279 106.31 201.805152793
2405 2425 222.45 201.324595327
2419 2421 51.757 201.246427893
2424 2438 467.22 200.80515006
2431 2456 403.08 200.582769787
2488 2495 264.69 198.721139971
1654 1658 342.42 198.151881166
2389 2410 414.86 196.082245157
2423 2428 259.27 195.287918639
1590 1594 386.62 190.790718105
2453 2462 365.19 190.77462421
1753 1758 215.68 190.724258109
2428 2448 534.77 188.349697245
2414 2415 356.51 188.227528765
1702 1703 447.91 187.973578022
2393 2415 302.01 186.585582672
2431 2433 48.261 185.498412159
1656 1660 180.41 184.944412093
2481 2484 224.65 181.477733055
1257 1279 400.63 181.184576529
2480 2488 267.55 180.624958105
2384 2416 651.19 179.875655022
1559 1564 347.31 179.24555401
2414 2425 285.67 178.531323939
1593 1598 315.05 177.774160054
1752 1753 278.93 174.616636438
1587 1590 312.85 173.147870284
1586 1591 158.06 172.904761905
1594 1596 79.071 172.547960364
1760 1765 149.57 170.608130139
1271 1280 136.7 168.78424788
1753 1773 423.4 168.178246573
2388 2401 414.17 167.002262343
1645 1761 415.04 166.657736203
1258 1264 340.17 164.810997346
1566 1567 132.71 164.332812939
2385 2398 367.86 163.844545502
1661 1669 97.373 160.602686225
1645 1653 480.98 159.502857359
2389 2397 136.65 158.001519896
2411 2413 381.99 156.931993409
2405 2422 353.6 154.050581041
2438 2448 424.4 151.903056639
1275 1294 418.14 151.759904474
1770 1786 446.76 151.243650794
2431 2449 400.12 150.938909374
2389 2409 354.51 150.528424478
1614 1627 280.76 150.021135848
1674 4959 465.24 149.858201628
1661 4976 193.96 148.868895702
1562 1564 351.79 147.961332697
1566 1574 303.19 146.498196271
2394 2400 169.85 144.831637808
2494 2501 139.6 144.426644239
1753 1761 215.16 143.035575739
2392 2401 180.65 142.616373775
1638 1752 327.6 141.232175944
1229 1234 227.76 140.918622537
1573 1585 382.47 140.256066125
1638 1753 450.04 139.5261301
1560 1561 91.744 139.210420135
2388 2397 323.0 138.835966486
2495 4961 215.7 138.704545455
1573 1574 78.942 138.702912902
1665 2488 384.04 138.479306266
1280 1285 330.05 136.466305916
1622 1627 199.77 135.508588946
1573 1579 257.51 135.07294862
2394 2404 162.51 133.317835211
1638 1645 167.59 133.253421624
1299 1558 425.3 133.030174212
1579 1593 245.83 132.788217983
2400 2415 337.73 132.27075882
1276 1299 504.11 129.723310359
2396 2404 212.46 129.687253556
1222 1229 285.39 129.083498528
2424 2428 209.68 127.391538118
1668 1753 376.61 125.624657112
1275 1285 244.6 124.312525858
1765 1770 224.7 122.08319058
1247 1254 273.18 121.496274533
1587 1597 240.76 121.201975639
1587 1594 182.9 120.851140999
1248 1272 705.48 118.794319024
2384 2391 333.05 117.071782021
2385 2394 242.96 116.861291924
2416 2426 313.15 115.806183395
1643 4899 601.56 115.749004329
1752 1758 183.73 114.593025261
1670 1744 261.55 114.18954379
1280 1561 369.98 113.734126984
1579 1582 175.83 112.881718282
1275 1561 381.8 112.829597675
2384 2385 149.02 112.5120607
2416 2420 101.16 110.89922556
2385 2415 376.31 109.963939712
2390 2394 89.467 109.170524071
1247 1261 354.58 107.37325866
1667 1674 84.133 106.50661068
2384 2407 478.5 106.388691956
1614 1638 433.21 106.142835087
1669 1674 364.02 104.540993849
2407 2422 200.27 103.92663222
2438 2442 272.12 103.253937475
2411 2418 466.32 101.191074631
2384 2390 297.7 100.655415932
1563 1568 507.39 97.4445351942
2420 2425 172.94 96.8825066649
2390 2396 233.89 95.0201033598
2479 2484 240.86 93.6742513592
1660 1665 153.67 93.57152072
1247 1271 424.49 93.2009642881
2425 2426 364.02 92.9897347073
1582 1593 143.36 92.4480055383
2437 2442 406.69 91.8644996963
2406 2412 56.995 91.0378069163
2394 2405 180.75 90.1888562684
2395 2396 268.98 89.9670741994
2410 2411 201.79 86.8198212976
1568 1572 270.06 86.4624778182
2494 2496 202.39 86.3159355459
2406 2411 456.92 83.9087791249
2388 2409 468.52 83.9014559232
4867 4868 85.402 82.7651363257
2405 2416 172.74 80.6429324266
2386 2411 364.92 80.135827527
2401 2421 287.34 80.1299974037
2407 2411 343.91 79.7010870024
2407 2417 157.62 78.8450648
2398 2410 315.85 75.6098190939
1672 4945 283.13 74.4508293461
1259 1271 355.19 73.2239177489
2401 2411 176.51 70.9847945911
2384 2401 312.68 70.653787248
1674 4976 305.21 70.3047854119
2391 2394 58.042 68.245424871
2394 2395 59.572 67.8396658777
2407 2421 266.36 67.5689090992
2384 2397 386.9 67.3114435423
1254 1258 162.3 66.288961039
4864 4866 209.8 66.1
2384 2410 320.72 65.1758116289
2398 2402 96.415 65.0122225274
2398 2401 86.714 64.9378727396
2501 4861 439.58 63.0985713117
2398 2413 208.76 63.0474324368
2407 2415 67.931 61.7154295007
2391 2415 302.18 61.6262906718
2408 2412 26.687 59.7963523214
1669 4976 167.96 58.0582304537
2384 2396 227.77 57.8513165645
2396 2406 203.07 57.4424014938
2384 2392 341.44 57.3242026965
1258 1261 246.81 56.6095238095
1674 1769 170.6 56.1803966969
1262 1273 189.26 55.3779645191
2392 2402 123.71 55.1510558323
1585 1593 140.54 54.7287982082
1299 1564 363.33 54.2443889444
2396 2400 200.97 53.155012294
2387 2392 339.4 51.3458247095
1582 1585 52.077 51.2445221325
2481 2485 471.63 51.1714905739
2389 2392 271.32 50.2777671076
1240 1248 266.05 50.0250749251
2409 2413 198.7 49.0533005922
2409 2418 174.75 47.7457387097
2398 2406 438.58 47.4857274067
2398 2418 295.45 46.6236369807
2408 2413 560.04 46.1943196211
1587 1596 196.92 45.933968254
2394 2415 299.4 42.9765495289
2400 2404 109.54 42.9126630048
2384 2387 278.13 40.603939584
2402 2409 289.65 40.5434380293
2388 2398 380.74 39.6724571792
4893 4896 183.89 38.0
1590 1597 218.66 37.5836643748
2403 2409 91.359 37.2038494196
2384 2388 284.42 36.4944952107
2386 2406 369.31 34.4708121943
2400 2401 436.93 33.5034181831
2415 2422 232.79 33.1958735439
2385 2407 388.63 33.1248640575
2392 2411 305.2 33.1041264374
2389 2399 185.94 32.970278461
2386 2398 270.14 32.1268049698
2390 2404 159.19 31.9114685151
2384 2386 215.49 30.1097014097
2479 2485 291.77 29.9301252239
2385 2404 261.48 29.4670262744
1262 1295 356.28 29.2222222222
2386 2392 257.18 28.9297853227
2400 2405 305.56 28.3866481075
2390 2401 433.96 24.6117815191
2395 2410 317.32 24.210629893
2415 2419 235.9 23.1236308136
2391 2410 337.36 22.4210958323
2411 2421 176.67 22.3935322194
2404 2405 237.17 21.3818422318
2386 2389 114.05 21.3622321034
2406 2408 30.307 20.6965289371
1628 1661 429.18 20.6142857143
2398 2411 221.27 20.034044659
1671 1707 354.11 19.8380952381
2391 2405 208.38 19.2094627595
1669 4959 257.08 18.6193507642
2415 2417 195.66 17.9165181224
2386 2402 287.15 17.2410722611
2387 2389 265.79 16.8783843132
2395 2405 209.31 16.608531746
2401 2410 278.35 16.0497962821
2386 2387 252.71 14.3946532999
2385 2390 186.8 14.2998079535
2385 2395 230.85 13.837289916
1261 1271 293.29 13.6008658009
2390 2410 305.35 13.3335236659
2446 2457 177.53 13.3333333333
2454 2457 255.81 13.3333333333
2388 2389 268.24 12.7907647908
2388 2399 363.43 12.5094771242
1254 1261 185.82 12.0127705628
2402 2413 137.17 11.7635678047
2386 2388 256.94 10.7552039464
1708 1711 205.94 10.2380952381
2391 2400 145.22 9.88683897802
2446 2452 66.346 9.33333333333
2452 2454 267.79 9.33333333333
2395 2400 168.74 8.94145658263
2413 2418 101.3 8.64390968509
2390 2395 91.027 7.85238095238
2390 2400 147.08 7.77684619302
1716 1718 330.16 6.57142857143
2387 2388 219.56 6.21904761905
2391 2395 86.447 4.52857142857
1238 1241 383.58 4.0
1698 1702 292.34 4.0
1233 1238 135.21 3.0
1238 1245 92.136 3.0
1233 1245 174.55 2.0
2446 2454 257.3 2.0
