from to distance betweenness top10
710 711 205.051132 12004109.3069 True
631 710 372.671448 12001741.2403 True
593 631 446.01181 11999831.5736 True
712 714 325.999878 11573347.4888 True
711 712 418.507599 11571120.2888 True
714 731 308.564819 11310779.4776 True
731 803 279.804779 11309377.2871 True
803 831 345.615234 11308267.9204 True
833 947 522.182739 11229108.979 True
947 948 245.855301 11224072.979 True
948 949 153.156235 11219678.5124 True
829 831 375.000092 10576004.8621 True
829 830 262.954437 10573191.066 True
830 833 178.176117 10570675.1387 True
592 593 374.50235 7975496.63515 True
309 592 277.716217 7970102.28276 True
270 309 128.987625 7965132.2161 True
949 951 123.857803 7043651.68683 True
951 977 247.378403 6897355.59159 True
239 270 349.654602 5669722.66253 True
238 239 64.192543 5665386.66369 False
949 953 166.159485 5430325.27806 False
953 1065 568.55603 4773462.9309 False
1065 1066 411.823364 4765944.23567 False
393 1066 497.35321 4758747.01662 False
366 393 387.196228 4753596.00709 False
358 366 419.818176 4750624.09281 False
977 982 23.022329 4554301.23274 False
831 837 107.283577 4549523.51029 False
982 1044 238.998444 4544532.43274 False
1044 1876 168.899323 4535215.76608 False
837 845 84.250198 4294193.71532 False
238 242 215.097275 4236922.79204 False
845 866 98.122345 3836504.17565 False
593 595 133.227814 3661647.89705 False
595 597 31.286966 3651700.56372 False
355 358 1005.401062 3563391.90713 False
355 356 495.473114 3548862.79284 False
356 357 436.354279 3544391.8045 False
357 379 714.758667 3541139.73197 False
379 448 518.661987 3538720.44992 False
358 362 251.391022 3497507.01688 False
270 591 588.669617 3496424.10115 False
535 591 499.357788 3486540.76782 False
491 535 431.2435 3478002.36306 False
479 491 214.543396 3471845.07417 False
866 880 51.209641 3450030.63683 False
1876 1886 94.551201 3443448.2274 False
880 897 51.069553 3440198.3035 False
597 621 216.168488 3322576.7375 False
448 469 95.11084 3292536.03116 False
469 590 515.778748 3290163.41578 False
138 590 501.586426 3288412.38135 False
119 120 107.460258 3288063.74786 False
120 124 532.781677 3287787.30656 False
124 138 544.010193 3287699.73977 False
1836 1886 231.526627 3252098.01877 False
621 627 40.531635 3131703.02215 False
242 253 108.255424 2991190.5175 False
253 292 177.125549 2981524.18416 False
292 306 35.265339 2972638.5175 False
479 481 59.007938 2918029.28402 False
481 488 122.422203 2908002.77926 False
237 238 358.990173 2901184.17239 False
236 237 208.662888 2893565.70572 False
184 236 332.353607 2886246.43906 False
129 184 369.537933 2879448.88668 False
126 129 102.685822 2874844.28668 False
593 594 83.152161 2869274.46296 False
306 328 66.831902 2726959.47804 False
714 720 204.981308 2696202.84527 False
711 713 603.454712 2676931.6069 False
82 713 499.889496 2666473.34024 False
488 497 122.176086 2658234.39322 False
66 82 303.438507 2656265.83547 False
497 512 172.778671 2595181.39005 False
125 126 259.437286 2551893.03774 False
123 125 228.396591 2546824.77108 False
121 123 352.85083 2542131.11076 False
118 121 364.763855 2538840.65361 False
118 119 247.535339 2536925.62028 False
714 715 92.874336 2531004.78587 False
627 667 207.161667 2475465.69998 False
667 701 114.293434 2465816.69998 False
362 370 262.253723 2401487.23148 False
835 869 199.868561 2400891.28761 False
370 386 181.08287 2390742.6029 False
328 3879 117.11277 2386503.0227 False
386 390 74.581482 2369488.73624 False
831 832 43.504452 2339404.03761 False
832 834 26.518629 2328374.03761 False
834 835 29.888565 2318258.90428 False
977 1003 96.764336 2269674.24134 False
1003 1009 26.170309 2247813.07308 False
1009 1020 51.941891 2247718.98993 False
3879 3891 125.933708 2237225.72175 False
3891 3903 177.424805 2228854.47413 False
833 841 92.142578 2215222.68877 False
949 950 78.32399 2208216.17672 False
950 952 64.21859 2197714.75854 False
1020 1054 149.185654 2197601.71568 False
841 890 205.465057 2176692.69396 False
5099 5100 28.359632 2143205.49128 False
1054 4676 87.343109 2142913.31837 False
3387 3422 511.792603 2132315.71934 False
390 404 133.55986 2126937.19973 False
4676 4677 25.352556 2113217.57287 False
3362 3364 31.219543 2104771.43361 False
4677 4678 5.890587 2103347.63002 False
3422 4678 238.607758 2098727.91573 False
3364 3379 163.47168 2095299.76694 False
869 877 31.852757 2077726.2617 False
404 449 265.551636 2075013.8664 False
877 919 109.242195 2066990.72837 False
912 914 4.386207 2054023.54739 False
952 956 71.717651 2044534.8438 False
914 5115 77.004761 2044103.72517 False
897 912 30.522577 2042977.51961 False
956 960 31.482634 2034118.58665 False
5108 5115 78.700111 2024785.72517 False
960 966 50.174564 2023906.05332 False
966 973 56.100586 2013938.18665 False
701 1115 32.923885 2001354.07518 False
5100 5108 139.70903 1992235.43063 False
5098 5099 57.489529 1971429.06184 False
5098 5120 362.846069 1961075.72851 False
890 902 46.819706 1959479.06397 False
126 130 132.920441 1959317.39682 False
3379 3388 174.617188 1934075.84775 False
3369 3387 335.351074 1930545.45826 False
1079 1115 273.795654 1927786.17518 False
3362 3369 88.357849 1922051.19159 False
1755 4977 117.066475 1894131.62748 False
1745 1755 58.141544 1886875.28445 False
1741 1745 62.245571 1880090.00788 False
449 2848 241.922821 1853951.53306 False
1717 1734 289.267822 1847678.97744 False
3388 3395 140.437012 1846808.84775 False
2843 2848 311.968597 1843781.53306 False
925 4977 62.046368 1841127.57141 False
902 925 44.211914 1840821.02209 False
126 128 60.918823 1838713.81244 False
2840 2843 100.470375 1833725.53306 False
128 134 115.379478 1828025.01244 False
2839 2840 221.732803 1823846.99973 False
1734 1741 79.473991 1806662.21562 False
2838 2839 205.508255 1792241.49973 False
1822 1831 51.450436 1751884.56823 False
238 240 114.671211 1749698.31617 False
3903 4335 559.258728 1743101.9374 False
1803 1822 295.7742 1740578.4349 False
1809 1832 202.9953 1739996.65249 False
3555 4335 70.908768 1732286.71835 False
134 139 50.648994 1724945.07575 False
594 610 203.354065 1717538.52638 False
3543 3555 56.644833 1703571.68513 False
139 159 112.351311 1693532.87575 False
3530 3543 80.879669 1693017.08513 False
512 536 177.268784 1690451.36085 False
715 719 100.797279 1685439.59414 False
1803 1806 55.865967 1684874.94961 False
719 728 86.233337 1675740.07033 False
1806 1810 116.523186 1674138.95437 False
728 729 4.975862 1666343.537 False
66 74 193.469788 1641832.35758 False
919 921 4.994941 1639463.05896 False
610 611 11.42322 1630239.70824 False
921 5682 100.344299 1628443.85896 False
358 359 133.637085 1627508.84972 False
5678 5682 102.634033 1617517.85896 False
5676 5678 65.904228 1606698.52562 False
729 735 39.423866 1585343.81647 False
833 839 68.408211 1578071.84156 False
735 741 40.053986 1576634.74663 False
741 744 15.399862 1568425.66092 False
1710 1717 75.874451 1537565.50085 False
159 162 12.769719 1528946.93443 False
3530 3536 37.008953 1522056.57432 False
5120 5125 26.004862 1507282.61302 False
611 663 294.865143 1491069.57064 False
1810 1812 32.892178 1488152.82317 False
1707 1715 76.034874 1486841.43579 False
536 582 235.957321 1483765.8053 False
5125 5131 70.672829 1482659.20378 False
3993 3994 23.821316 1474306.32825 False
3993 3996 228.64978 1452790.32825 False
582 3994 95.868774 1452642.8053 False
5131 5144 63.024044 1428752.53711 False
1812 1813 55.317123 1423779.94936 False
1813 1823 75.40197 1422296.38781 False
5144 5174 81.110039 1418517.67044 False
1706 1707 28.2491 1403933.61168 False
749 756 29.843197 1399967.28856 False
906 936 60.85257 1397510.87833 False
1823 1834 76.896118 1391754.49496 False
897 906 25.808771 1387701.98388 False
936 5700 113.013046 1386303.22118 False
1631 1706 160.726761 1379558.8398 False
5062 5700 96.732834 1375306.75452 False
5050 5062 46.617306 1364491.45928 False
1834 1850 89.395447 1361472.8889 False
720 724 44.458324 1360837.23546 False
5041 5050 21.428503 1353835.39261 False
359 360 108.947556 1348235.96254 False
744 749 27.232103 1344470.46164 False
1850 1875 137.494659 1344381.45936 False
5035 5041 50.637215 1343531.72594 False
1601 1631 119.894264 1342065.20999 False
724 727 26.113602 1339997.63546 False
756 820 208.270996 1338417.48903 False
360 364 100.009163 1337524.51566 False
5017 5035 73.440979 1333412.65928 False
1875 4859 211.511429 1332075.48913 False
727 736 61.249264 1330323.63546 False
720 726 68.198471 1328161.27648 False
479 482 97.265015 1327377.8245 False
3395 3398 28.607422 1317538.29699 False
726 733 43.984539 1317023.27648 False
1832 1833 61.142479 1309744.58032 False
4810 4828 80.857025 1309628.77107 False
3398 3413 104.196739 1307442.96366 False
733 765 156.516068 1306622.54314 False
4828 5676 111.922852 1304141.84626 False
3413 3418 133.243942 1297444.96366 False
736 790 217.36853 1287012.21543 False
5008 5017 31.867592 1283926.65928 False
1818 1869 262.757111 1280230.55216 False
1816 1833 96.637054 1278461.15895 False
790 810 57.538025 1277344.64401 False
1816 1818 22.919262 1275092.41296 False
5000 5008 52.12513 1274220.92594 False
1869 1895 111.570831 1269213.17516 False
4992 5000 89.437187 1264649.32594 False
4985 4992 47.594456 1255240.34817 False
1895 1973 67.35276 1249091.17516 False
5174 5211 121.811028 1248050.41106 False
364 384 344.33075 1244265.04842 False
4982 4985 56.962292 1239274.28587 False
482 484 20.799902 1236741.31175 False
4980 4982 37.427437 1229337.84143 False
484 489 75.992714 1226572.91175 False
1970 1973 30.470444 1219419.17516 False
788 1415 134.514694 1218586.535 False
489 492 34.871727 1216683.44509 False
3996 4003 189.068085 1205578.36007 False
242 256 120.042007 1190603.81043 False
2004 4859 75.11982 1185828.12722 False
1814 1836 160.54866 1185305.05762 False
1825 1836 79.624443 1180682.2466 False
1709 1715 135.782425 1178298.32448 False
1981 2004 70.4674 1176020.86055 False
765 788 79.338722 1174571.56388 False
362 363 11.525787 1173972.21557 False
256 3816 407.959198 1168747.54376 False
2838 2845 664.59967 1158235.67116 False
1809 1825 160.062683 1148481.88805 False
594 596 57.727016 1148405.29848 False
1981 2009 78.060516 1143740.9809 False
1809 1814 78.988464 1142262.39096 False
5211 5218 29.926348 1140558.24656 False
2850 2852 93.139679 1134569.07116 False
810 2619 148.303024 1130445.17368 False
2845 2850 193.081024 1129401.67116 False
4806 4810 34.023964 1128731.52743 False
1403 1415 92.772209 1126328.37335 False
2852 2857 238.414459 1121700.61878 False
2619 2620 63.402763 1120587.17368 False
448 3241 337.175385 1118272.42101 False
4798 4806 67.989258 1117822.86076 False
596 599 61.439346 1117613.16515 False
2540 2548 180.212753 1114045.1173 False
2620 2621 54.420811 1111133.50701 False
4782 4798 185.589462 1106992.52743 False
3237 3241 99.104279 1106727.22101 False
652 657 51.101288 1105789.60657 False
2621 2622 85.435005 1103291.84663 False
2857 2860 103.148254 1102901.68544 False
2604 2622 73.807373 1096440.11816 False
3233 3237 52.163639 1095406.35434 False
2548 2550 43.707493 1092579.73759 False
599 602 29.647898 1088185.96515 False
4780 4782 18.327742 1085799.1941 False
363 368 219.861328 1082740.08303 False
1079 1085 57.999405 1080386.39031 False
602 605 24.973783 1078906.5718 False
605 607 6.372676 1070289.13201 False
33 66 421.827362 1069929.76996 False
1085 1097 92.331253 1068825.05698 False
1961 1970 99.380074 1058713.13593 False
27 33 42.497147 1058313.48424 False
1097 1108 66.823997 1057317.05698 False
3232 3233 11.054306 1053587.71646 False
1953 1961 87.696579 1048961.18355 False
21 27 35.265373 1046838.05567 False
1108 1116 56.749634 1045883.79031 False
240 243 101.294624 1041789.28884 False
9 21 499.884125 1035541.05567 False
1116 1117 18.403282 1034648.19031 False
1715 1717 21.329613 1033591.1372 False
6 9 377.394012 1024382.07991 False
290 5897 220.836472 1015127.32703 False
973 974 11.517578 1015114.95054 False
718 746 196.544189 1008254.48851 False
974 1006 111.45752 1005481.75054 False
3418 3427 146.762711 1000257.69441 False
746 779 139.125015 998514.488515 False
1006 1013 16.347168 997483.397513 False
1079 1100 173.028381 997393.779029 False
74 96 204.476593 990421.849143 False
3427 4456 264.189728 990262.646791 False
779 809 110.609535 989279.755182 False
3903 3914 171.629547 984025.249469 False
512 528 127.355782 982865.040869 False
1117 1124 63.896965 981162.580271 False
96 105 28.83717 979582.515809 False
953 963 85.255028 974056.260609 False
528 533 34.327049 972953.469441 False
4443 4456 172.467621 970619.980124 False
1124 5993 264.648071 970396.580271 False
827 1717 219.322754 968818.875512 False
963 964 32.071213 963029.927276 False
1100 1102 8.491878 962960.345696 False
5993 5994 50.75153 959698.580271 False
448 4175 330.405273 957380.397058 False
1870 1876 37.973709 946156.096616 False
809 5203 66.24411 939089.076864 False
243 248 61.607925 938625.453004 False
269 273 12.083213 936911.150434 False
162 194 155.199997 935610.132412 False
1835 1870 168.30632 935325.852171 False
313 4284 223.557404 935208.710509 False
2571 2604 261.227509 930381.785832 False
492 515 290.147614 930207.446298 False
248 261 84.778572 929078.618322 False
5216 5218 95.057701 927188.032255 False
130 133 37.250031 926135.012068 False
3230 3232 48.396515 922354.553389 False
261 269 42.553345 920361.410873 False
2556 2571 139.220215 919876.452499 False
515 518 4.173973 919484.312965 False
2860 2877 243.602081 919028.285444 False
620 652 136.954971 918586.680717 False
1710 1718 91.427681 917348.382239 False
5216 5217 34.083652 916953.365589 False
1272 1601 129.36377 915216.147901 False
718 721 23.428333 914819.269967 False
133 140 60.658314 914629.697782 False
4276 4284 139.809723 913524.078241 False
273 281 27.082264 904362.701711 False
1831 1836 94.373596 902267.823206 False
518 539 162.758698 898644.579632 False
281 290 48.295914 896819.125784 False
2550 2553 99.807381 889393.536835 False
539 575 155.210114 888510.379632 False
1718 1725 140.861115 886589.192097 False
964 978 95.821655 882446.860846 False
3914 3944 174.385712 882284.432335 False
2553 2554 3.95976 879951.150762 False
1831 1835 27.101954 877205.605346 False
973 988 57.693359 873753.150398 False
130 131 11.063555 872018.489809 False
607 614 65.785126 871830.098153 False
313 663 147.523544 868099.414325 False
1725 1728 68.611115 867173.585745 False
614 620 50.733982 863927.153398 False
194 227 135.98407 861230.507015 False
131 146 135.300171 860738.588222 False
4003 4011 173.146866 856039.528728 False
715 716 5.617048 851758.439532 False
146 160 66.567711 849904.864412 False
227 3452 66.841507 849369.840349 False
140 147 49.845428 847981.701245 False
978 984 16.948875 843604.467484 False
716 717 85.084549 842388.537945 False
820 1709 84.322182 840454.31064 False
105 2549 267.184143 839685.182476 False
160 165 33.110672 839628.415821 False
147 158 58.241322 837347.672674 False
839 853 100.684486 836057.422654 False
717 718 7.988805 834548.229725 False
984 1051 277.538422 834324.000817 False
2546 2549 78.557442 829044.515809 False
2196 2204 28.920368 828503.707102 False
2554 2574 160.972473 828377.484095 False
853 854 12.313153 824581.222654 False
384 388 49.591801 823995.388136 False
1728 1736 100.816925 822655.951126 False
2229 4317 302.345612 820168.573702 False
165 171 38.748199 819154.004588 False
2544 2546 31.411386 818668.715809 False
478 479 294.833679 816855.487362 False
533 534 4.724808 815010.240894 False
2204 2229 114.305824 812696.840369 False
158 178 107.072289 810891.98944 False
2574 2578 58.50491 809499.817429 False
171 197 117.716827 809072.280117 False
2541 2544 59.401379 808594.049143 False
1953 1975 234.368347 807723.51861 False
476 478 545.719849 807719.087362 False
3452 3454 115.229889 802247.884793 False
2178 2221 176.468903 800024.90868 False
2539 2541 65.712448 799138.049143 False
474 476 485.11377 798673.887362 False
1975 4575 188.364182 797424.851943 False
721 737 123.888512 794025.610551 False
388 408 201.829071 792501.610358 False
5217 5219 71.656754 791511.865589 False
119 122 431.172485 791018.840554 False
473 474 245.160431 790605.839743 False
472 473 286.377411 785247.030219 False
534 558 125.213097 781818.240894 False
472 475 562.864563 781755.630219 False
5219 5231 128.757736 781385.495892 False
122 127 526.950012 781311.507221 False
475 477 532.81958 778524.696886 False
477 480 788.324585 775889.579425 False
1648 1670 38.552544 775545.106174 False
127 201 559.049622 775070.754082 False
201 480 417.526489 774693.378325 False
558 561 11.50448 771748.517662 False
2545 2556 209.208374 770027.385745 False
1670 1707 48.835587 768860.18576 False
1569 1571 76.924736 767077.630354 False
3536 3551 82.135002 761755.707726 False
3533 3567 177.541183 760102.740556 False
2543 2545 27.5812 759687.719079 False
3586 3590 56.696644 759096.541134 False
2435 2445 62.510468 751221.054363 False
2540 2543 98.588806 749542.385745 False
3536 3539 107.312202 749218.266594 False
2578 2587 68.021271 748931.983694 False
3567 3586 106.899841 748772.169128 False
663 687 108.669044 747611.494749 False
4011 4017 75.82737 745378.69929 False
2166 2196 140.391251 741454.707102 False
561 571 46.460644 741343.565281 False
3533 3539 40.318798 740271.180664 False
3943 3944 4.724789 740215.238508 False
1102 1126 183.143219 738922.321337 False
2587 2598 74.756371 738894.583694 False
687 688 17.832205 736679.279997 False
4017 4018 26.893887 733564.69929 False
3454 3456 54.510704 732631.884793 False
839 847 66.203308 732308.885576 False
1707 1710 19.854757 731368.212947 False
4780 4787 87.391098 727933.121486 False
680 688 26.006836 727201.41333 False
4018 4021 62.064793 721790.032624 False
847 855 49.741512 721107.885576 False
1272 1294 39.705162 719885.786091 False
2178 2197 253.365234 714196.257171 False
680 685 13.574707 713568.040358 False
1294 1557 105.902611 712815.896428 False
290 337 133.744141 703253.707312 False
3551 3554 121.301712 701803.869083 False
4787 4797 79.216568 697702.484978 False
4276 4282 105.792038 696868.39347 False
337 351 27.8144 693798.729534 False
1490 1496 96.47937 689707.573509 False
4272 4282 159.290009 688620.749026 False
1557 1558 63.194698 685304.918397 False
408 435 172.377563 680603.180125 False
1027 1036 28.620476 680391.079386 False
1033 1046 81.552574 679950.496488 False
627 629 19.903366 678939.570658 False
5994 5995 73.871582 676237.75822 False
3815 3816 6.203155 675548.194764 False
2009 2025 49.192204 675395.296057 False
1036 1050 79.720062 672181.886561 False
2094 2096 93.368317 668257.210598 False
4980 4988 107.313194 666410.688848 False
5141 5203 191.945541 666331.840319 False
4021 4027 85.641769 664889.865957 False
2025 4505 26.099915 664845.296057 False
3807 3815 157.992767 664720.080479 False
571 2221 84.136696 663415.569677 False
4272 4275 48.778057 663315.300752 False
1462 1490 279.322266 661824.316367 False
2807 2815 25.786951 659998.936498 False
4791 4797 130.203827 656862.484978 False
4988 4993 67.765762 655028.688848 False
4497 4505 130.371689 654406.115105 False
351 2096 34.469967 653284.262848 False
1636 1648 18.226419 651204.856925 False
2815 4363 60.006618 651003.269831 False
2539 2542 108.318008 650007.376405 False
345 685 113.501701 648880.476247 False
1061 2468 60.668102 647812.0639 False
2877 2894 254.572083 644572.079383 False
855 879 87.146179 643757.885576 False
1013 1038 111.630188 642677.990725 False
2542 2547 80.555252 638971.389536 False
988 1018 118.56234 638825.434107 False
879 885 18.301666 638806.552242 False
162 190 143.778412 637372.735347 False
1657 2495 64.563797 636260.198347 False
4281 4292 147.002884 635795.77604 False
2807 2894 75.223694 635612.812717 False
4275 4279 75.639076 635231.034085 False
1736 1744 63.787117 634500.822492 False
3907 3910 63.851109 633085.319317 False
1038 1048 57.403187 633027.879614 False
345 5896 38.81699 631678.637766 False
240 241 45.229416 631596.567226 False
1018 1033 64.266968 630705.983241 False
2458 2468 50.078934 630513.154466 False
2425 2435 160.742645 630143.536759 False
3456 3462 66.866325 626852.192729 False
2796 2838 104.271935 625980.828571 False
1048 1061 99.858833 625101.212803 False
197 204 29.299877 624032.827335 False
3554 3583 124.89241 623881.604497 False
2451 2458 40.806152 622592.49495 False
1570 1582 72.117485 620698.80241 False
241 245 78.408531 619929.424369 False
1126 1148 87.755203 616416.396363 False
2765 2796 147.388031 615325.828571 False
2445 2451 20.592331 615149.341474 False
3462 3472 224.14267 615110.192729 False
3580 3583 63.604664 612535.604497 False
368 378 151.78833 611645.698357 False
3395 3410 100.962891 611604.752673 False
1460 1462 25.770481 611295.916367 False
3578 3580 31.642057 608286.184872 False
4279 4281 32.847103 607979.300752 False
3910 3921 70.492599 606356.619317 False
3227 3230 48.366062 603644.363808 False
3410 3431 344.696686 600656.086006 False
378 407 303.342529 600058.298357 False
705 2114 82.657516 598169.908658 False
2181 2197 63.600952 597797.102355 False
2163 2190 134.300354 596874.940127 False
1148 1174 112.528046 596655.47176 False
866 893 110.070633 595756.435786 False
2730 2765 274.966095 593157.92381 False
3223 3227 87.100052 592691.163808 False
575 5732 117.654564 592535.937299 False
5896 5897 83.115028 592143.671829 False
435 3087 148.900986 591451.44578 False
4027 4028 12.769508 591076.272833 False
1403 1405 79.425713 590964.103981 False
657 690 150.962509 588668.078151 False
1405 1500 168.326279 587861.252629 False
2163 2181 98.063568 586472.435688 False
190 193 5.989491 585354.635347 False
854 941 238.79425 583828.129908 False
3219 3223 68.638504 582110.097141 False
3076 3087 164.150543 581521.24749 False
4175 4181 43.096149 580702.926396 False
3921 3991 31.356121 580244.219317 False
690 1401 52.682621 579426.144817 False
407 2781 327.607056 578723.63169 False
1496 1500 44.776196 577950.871677 False
566 4332 170.58432 576309.607567 False
193 215 113.192589 575945.36868 False
2480 2495 72.246758 574408.444931 False
3989 3991 129.172943 574407.54349 False
3072 3076 77.732475 572051.057013 False
3217 3219 135.188217 571679.992379 False
5231 5262 187.755585 570530.695819 False
2075 2094 78.216072 568942.065556 False
4181 4182 44.530804 568700.926396 False
215 3510 80.784416 567390.362819 False
1174 4327 95.930641 566534.786046 False
4317 4332 707.6828 566077.110119 False
4993 5003 77.909927 564227.131706 False
1075 1078 51.025959 563247.938632 False
3214 3217 98.136772 561454.792379 False
701 1067 58.978413 560814.719142 False
4443 4454 152.088898 559449.367195 False
5995 6002 170.299545 557475.789599 False
1802 1809 145.288422 557454.788282 False
4317 4327 77.2547 557174.043189 False
1298 1558 10.042145 556804.965109 False
4182 4183 72.549393 556702.926396 False
3072 3079 119.428314 555725.002948 False
4 6 56.746574 554099.33244 False
3677 3943 216.447128 552310.932216 False
616 635 115.503365 551812.052267 False
3213 3214 12.445436 551468.587617 False
1393 1403 54.355316 550698.342781 False
1078 1095 130.055511 550162.280157 False
204 206 4.420927 548642.263888 False
3503 3510 104.315704 547650.572569 False
566 3990 153.307098 546958.806815 False
4575 4577 31.053083 545013.157982 False
4183 4185 225.879288 544708.926396 False
3989 3990 119.047142 543859.468097 False
3 4 63.649429 543304.465773 False
2340 2342 20.578077 542333.278132 False
3675 3677 12.834401 540590.932216 False
206 3755 91.824265 539869.384734 False
4185 4186 77.215416 532742.259729 False
1 3 334.927582 532660.799106 False
1274 1298 56.875622 532155.413643 False
2332 2340 37.902664 530517.278132 False
5116 5123 64.845993 527794.059101 False
845 894 184.133759 526482.977733 False
1692 1700 75.79039 524512.169636 False
4497 4499 27.403591 524131.47701 False
0 1 95.952362 522145.13244 False
4186 4187 52.401463 520806.259729 False
178 4941 280.007751 519612.256107 False
4028 4036 88.252365 519391.439977 False
2314 2332 234.968735 518709.278132 False
1095 1103 84.371559 518655.537042 False
5123 5141 142.265747 516734.320243 False
1301 1700 99.672112 516494.302969 False
737 752 78.138077 516434.634974 False
2157 2166 109.625412 514576.705984 False
4499 4502 109.285667 514393.657962 False
1051 1060 37.94836 512943.012398 False
662 682 114.611725 512770.571353 False
885 938 127.431244 512379.69763 False
0 2 359.674072 511836.465773 False
820 827 20.504408 511540.243788 False
1558 1559 12.592302 509942.475988 False
6 8 305.473419 509292.0 False
4187 4188 71.986382 508878.259729 False
4940 4941 68.697594 508617.18944 False
74 80 91.42865 507547.746245 False
4409 4443 203.333023 507438.228199 False
2311 2314 29.084955 506927.278132 False
1274 1293 37.585495 502984.772029 False
682 684 5.459297 502811.019338 False
2 5 137.580414 501663.999106 False
1050 2964 105.536324 501519.146039 False
938 942 4.681031 501502.49763 False
752 770 101.659241 499363.953939 False
4961 4963 16.611021 499330.197335 False
652 662 181.64653 498926.060244 False
4937 4940 101.643005 497761.132297 False
8 10 421.793671 497248.0 False
1293 4963 56.706665 497096.309026 False
684 5897 196.418213 497067.692686 False
80 89 78.442017 496614.641483 False
4961 4962 15.014112 496478.515284 False
2306 2311 44.966797 495187.278132 False
4962 4964 97.726158 493827.166566 False
3472 3475 47.921658 492761.272095 False
4964 4965 91.209076 491924.846419 False
5 7 314.741272 491677.53244 False
2598 2607 53.23381 491591.488456 False
1627 1636 30.191208 491186.942048 False
1802 1805 42.852146 491124.744027 False
1266 1272 18.20792 491059.426789 False
635 662 130.633743 489374.703871 False
1571 1587 82.058258 487755.891728 False
4935 4937 64.842239 487713.270392 False
893 901 28.264997 487173.008009 False
4494 4502 112.636063 487152.562724 False
89 110 99.709038 486078.263706 False
611 618 68.794807 485813.613263 False
2358 3590 180.210403 484448.722881 False
2294 2306 156.505859 483467.278132 False
3665 3675 103.526077 482974.522693 False
7 11 487.541748 482072.199106 False
2607 5954 95.374832 481914.155123 False
3475 3479 49.768387 480997.272095 False
1559 1561 27.104975 479990.513826 False
4980 4981 25.189512 477715.01643 False
1744 1746 37.64975 477589.696445 False
2351 2358 50.314762 477123.656214 False
618 625 49.845314 476328.948905 False
110 2501 65.033707 476011.997039 False
2039 2047 60.849037 474689.121086 False
2604 5457 82.549927 474532.045273 False
11 37 227.213562 472951.53244 False
2139 4965 42.82048 472105.798529 False
290 326 102.666435 471898.964282 False
2290 2294 101.329529 471763.278132 False
1805 1808 90.8433 470939.810693 False
1561 1570 112.089386 470786.047159 False
2954 2964 97.427956 468953.146039 False
5120 5130 87.941338 468758.554154 False
1746 1759 65.069748 467955.029778 False
4292 4300 98.317551 467898.184802 False
2009 4665 98.468063 467607.35151 False
2347 2351 14.927713 466921.898675 False
384 412 268.404205 465429.398132 False
1808 1840 266.053619 464695.605822 False
37 50 103.368668 464016.865773 False
919 930 30.565012 463718.761472 False
4300 4317 203.342117 462298.153056 False
368 383 203.499496 460643.956098 False
1565 1569 25.690948 458920.788177 False
4406 4409 36.259384 458756.228199 False
2945 2954 41.08567 458252.146039 False
3806 3807 19.894999 458158.614701 False
1075 1079 55.265594 454201.332249 False
4934 4935 28.752867 453711.612534 False
4454 4458 33.052475 452620.751788 False
930 5600 33.988049 452460.961472 False
1591 1601 54.109116 450587.918824 False
3816 3822 115.814583 450516.49355 False
3079 3085 111.699883 449506.593425 False
418 428 53.852909 449078.43475 False
894 918 61.179226 448818.866622 False
2419 2425 91.175926 448291.697923 False
1582 1612 125.493256 447686.137667 False
3806 3808 22.538082 447002.948034 False
1103 1125 166.253937 445464.712073 False
