11	14	0.077935
11	19	0.17347
11	33	0.18063
13	14	0.0122
13	18	0.063235
13	20	0.13038
13	26	0.08597
14	18	0.075435
14	31	0.21808
14	49	0.34035
15	25	0.12853
15	27	0.15022
15	58	0.37796
16	17	0.011511
16	18	0.016426
16	19	0.0036693
16	20	0.050723
16	24	0.075073
16	25	0.073757
16	26	0.0063098
16	27	0.095446
16	31	0.12622
16	36	0.17369
16	43	0.12926
16	46	0.13041
16	50	0.25859
17	18	0.0049163
17	19	0.01518
17	24	0.086584
17	26	0.017821
17	32	0.11754
17	39	0.12511
18	19	0.020095
18	21	0.015838
18	36	0.19012
18	41	0.14479
19	20	0.047054
19	21	0.004258
19	25	0.070087
19	35	0.17255
19	39	0.10993
19	44	0.14559
19	45	0.11382
20	21	0.051312
20	24	0.02435
20	26	0.044413
20	29	0.04519
20	30	0.078602
20	31	0.075495
20	42	0.16342
20	44	0.098532
20	49	0.19777
21	26	0.0068984
21	30	0.12991
21	33	0.011422
21	40	0.21531
21	41	0.12896
21	42	0.21474
21	44	0.14984
23	24	0.015544
23	29	0.0052964
23	31	0.035601
23	50	0.16798
23	52	0.21025
24	25	0.0013217
24	29	0.02084
24	30	0.054252
24	31	0.051145
24	35	0.10115
24	41	0.053295
24	42	0.13907
24	43	0.054186
24	58	0.24811
25	26	0.067447
25	31	0.052462
25	35	0.10247
25	43	0.055503
25	46	0.056654
25	56	0.24002
26	29	0.089604
26	37	0.16213
26	39	0.10729
26	53	0.28835
27	31	0.030772
27	37	0.072996
27	39	0.018157
27	41	0.032923
27	42	0.1187
27	45	0.022046
27	46	0.034965
27	49	0.15304
29	36	0.077776
29	41	0.032455
29	44	0.053342
29	50	0.16268
30	31	0.0031072
30	32	0.023292
30	33	0.11849
30	37	0.039117
30	40	0.085393
30	41	0.00096313
30	42	0.084821
30	43	0.00012637
30	44	0.01993
30	45	0.011833
30	46	0.0010901
30	47	0.12208
30	49	0.11916
31	37	0.042224
31	41	0.0021548
31	46	0.0041942
31	49	0.12227
31	61	0.19847
32	37	0.062409
32	42	0.10811
32	43	0.023226
32	44	0.043222
32	45	0.011458
32	46	0.024377
33	43	0.11843
33	46	0.11958
33	49	0.23766
35	36	0.0025332
35	37	0.0077799
35	39	0.06262
35	44	0.026967
35	45	0.05873
35	53	0.11844
35	54	0.12793
35	61	0.14846
36	37	0.0052469
36	42	0.040457
36	43	0.04443
36	44	0.024434
36	46	0.043279
36	48	0.041506
37	41	0.040074
37	42	0.045704
37	43	0.039184
37	44	0.019188
37	46	0.038032
37	47	0.082964
37	58	0.15474
39	41	0.014767
39	44	0.035653
39	45	0.0038897
39	54	0.19055
39	58	0.20958
40	44	0.065463
40	50	0.043876
40	52	0.086151
40	53	0.079941
40	56	0.099062
40	61	0.10997
41	45	0.010878
42	44	0.064891
42	48	0.0010526
42	49	0.034343
42	52	0.086724
42	53	0.080513
42	56	0.099634
43	45	0.011768
43	49	0.11923
43	54	0.17489
43	61	0.19543
44	45	0.031763
44	54	0.15489
44	61	0.17543
46	48	0.084785
46	52	0.17046
47	50	0.0071892
47	52	0.049464
47	53	0.043253
47	54	0.052744
48	54	0.088955
49	52	0.052381
49	54	0.055661
49	56	0.065291
50	61	0.06609
52	53	0.0062105
52	56	0.01291
53	54	0.0094908
53	56	0.019121
54	58	0.019033
56	58	0.0094035
58	61	0.0015015
79	829	0.057587
80	96	0.010015
85	102	0.38679
89	95	0.1431
89	101	0.0042125
89	115	0.23787
91	101	0.0017824
95	98	0.0027105
95	101	0.14714
98	118	0.069255
106	113	0.021223
106	116	0.025405
106	2642	0.033126
106	2643	0.035209
106	2650	0.042183
109	116	0.0076737
109	2644	0.020683
109	2646	0.016002
109	2649	0.012404
109	2650	0.024452
112	5989	0.0048215
113	116	0.0041818
113	2644	0.017191
113	2645	0.018614
113	2646	0.012511
113	2647	0.019669
113	2648	0.019881
113	2650	0.02096
115	5993	0.36816
116	2644	0.01301
116	2646	0.0083288
116	2648	0.015699
116	2649	0.0047301
116	2650	0.016778
131	132	0.23178
131	134	0.047326
134	141	0.085243
134	153	0.094074
137	138	0.00097152
140	157	0.0043944
141	146	0.006793
145	157	0.0017565
146	149	0.00095992
146	153	0.0021561
146	156	0.0031985
149	151	0.0011274
149	153	0.0011962
151	156	0.0011111
153	156	0.0010424
173	188	0.0059204
173	193	0.0069886
175	196	0.0026874
179	197	0.057441
179	199	0.073914
179	5800	0.18996
179	5805	0.16601
179	5813	0.26603
183	193	0.0019109
188	189	0.00022097
189	193	0.00084723
197	5815	0.21412
199	219	0.062332
199	5801	0.11207
199	5805	0.092091
199	5811	0.18334
199	5813	0.19212
200	217	0.0093591
200	222	0.0099774
200	226	0.010471
205	207	0.095517
213	234	0.18499
217	222	0.00061824
217	226	0.0011122
219	5801	0.04974
219	5802	0.044797
219	5803	0.039396
219	5807	0.068769
219	5810	0.11778
219	5814	0.13422
219	5816	0.14139
219	5818	0.1438
222	232	0.0010842
225	234	0.067313
225	4937	0.22419
225	4939	0.13784
225	4940	0.091109
226	232	0.00059024
231	3499	0.27736
234	4940	0.023914
235	4937	0.14472
235	4939	0.059097
245	253	0.0022034
246	247	0.28525
250	275	0.0031668
251	261	0.0016301
255	281	0.0021562
258	260	0.091211
258	311	0.00734
260	299	0.092179
281	299	0.13544
283	288	0.029098
303	322	0.0041276
303	323	0.0042381
309	333	0.00249
319	323	0.0005497
322	323	0.00011055
325	345	0.012337
325	350	0.0044525
331	351	0.0034582
333	4337	0.0015925
334	5891	0.0024347
341	345	0.00012457
344	4345	0.023707
350	5891	0.00053143
372	377	0.0048591
381	390	0.0051606
405	435	0.064917
405	439	0.066577
407	444	0.0085921
410	451	0.0093513
412	415	0.24772
413	425	0.035931
413	434	0.03821
413	446	0.057322
413	454	0.057599
413	471	0.066367
416	424	0.079141
416	2829	0.32192
420	427	0.012368
420	434	0.011671
420	443	0.029113
420	446	0.030782
420	454	0.03106
420	471	0.039827
421	441	0.0032175
424	428	0.018114
424	438	0.068922
424	2828	0.43055
424	2832	0.27185
425	446	0.021391
425	454	0.021669
425	2924	0.033124
427	443	0.016745
427	446	0.018414
427	471	0.027459
427	2924	0.030146
428	445	0.070225
429	440	0.011817
434	443	0.017442
434	471	0.028157
437	439	0.0015156
438	2831	0.18278
442	458	0.0035481
443	454	0.0019469
443	471	0.010714
443	2924	0.013402
444	451	0.14938
445	2829	0.15444
446	471	0.0090448
446	2924	0.011732
447	459	0.24734
450	2908	0.1771
454	2924	0.011455
456	468	0.21672
457	460	0.19661
465	3330	0.0042564
469	3331	0.13789
479	480	0.11232
485	486	0.090374
508	518	0.044957
509	511	0.11078
515	549	0.024759
515	552	0.024828
516	519	0.047134
518	526	0.28576
519	528	0.0020816
532	550	0.0060876
534	535	0.049513
534	560	0.056198
535	563	0.0078203
537	577	0.031284
537	581	0.04184
537	4144	0.048123
539	558	0.0017035
546	549	0.0010028
546	552	0.0010724
547	554	0.29213
549	551	0.00011855
557	570	0.0070393
557	574	0.0081714
560	563	0.00041505
561	564	0.16603
561	571	0.16724
562	575	0.0045642
564	5774	0.0051329
565	5783	0.0021204
569	575	0.0016202
570	586	0.0158
570	4143	0.017788
570	4144	0.018117
571	588	0.0021388
572	4125	0.057162
572	4130	0.064172
574	581	0.010702
574	4144	0.016985
575	580	0.00060758
577	581	0.010556
577	4142	0.015851
578	589	0.00097235
581	4142	0.005295
581	4143	0.0059538
581	4144	0.0062832
583	4117	0.0104
584	3992	0.08605
586	4143	0.0019877
587	3956	0.19022
588	5774	0.00025193
597	599	0.0014504
597	601	0.0025631
598	609	0.021137
599	601	0.0011128
600	604	0.0021331
600	610	0.0031836
605	609	0.0041219
605	618	0.013463
609	614	0.0022389
609	616	0.0075981
609	618	0.0093411
613	614	0.0059871
613	616	0.0038499
613	618	0.005593
613	623	0.0065723
614	618	0.01158
616	618	0.0017431
618	629	0.0021107
624	633	0.0062118
624	639	0.0069679
633	634	0.00061471
633	639	0.00075606
633	643	0.0013676
634	639	0.00014135
645	665	0.0084016
669	694	0.04457
673	5907	0.0092474
674	684	0.003225
675	5915	0.0088107
675	5916	0.0085756
676	694	0.027555
677	703	0.0014873
678	690	0.0027421
678	696	0.0031307
679	693	0.003835
679	695	0.0041362
679	700	0.0043618
684	697	0.0056967
684	708	0.0078343
697	708	0.0021376
697	5881	0.0061086
701	709	0.00077101
701	710	0.00089951
708	5881	0.0039711
708	5882	0.0043006
709	710	0.0001285
725	739	0.0016799
756	806	0.01844
758	781	0.001786
770	2641	0.18769
783	2684	0.0059393
800	817	0.0031513
800	819	0.0032229
800	824	0.0034817
805	2638	0.011791
805	2639	0.014197
805	2641	0.19081
808	827	0.0021658
815	824	0.00075087
817	819	7.1598e-05
819	824	0.00025883
827	4954	0.0013763
837	849	0.011132
845	862	0.0067693
847	849	0.00034887
847	851	0.00071551
850	851	0.00012828
856	866	0.0074446
856	889	0.017846
857	875	0.12104
859	864	0.017174
860	862	0.00026704
862	865	0.00041198
864	872	0.018919
864	899	0.3102
864	1548	0.44353
866	877	0.0067012
866	892	0.011008
866	897	0.01188
868	1542	0.1705
872	883	0.013026
872	885	0.27213
872	901	0.028269
872	1557	0.10164
875	876	0.33882
877	889	0.0037002
877	892	0.0043073
882	889	0.0011721
882	892	0.0017792
883	901	0.015243
883	908	0.027389
883	938	0.017918
883	1554	0.15069
883	1556	0.11446
885	1545	0.1591
885	1547	0.15232
885	1548	0.17595
885	1549	0.17788
885	1556	0.18711
887	933	0.022233
887	947	0.02713
887	5706	0.030729
889	892	0.00060703
894	902	0.13252
899	1546	0.14944
899	1551	0.10714
899	5673	0.047396
900	5707	0.021758
900	5708	0.021317
900	5717	0.024672
900	5718	0.022161
906	909	0.079781
906	928	0.0027844
908	938	0.0094715
908	1556	0.087075
908	1557	0.061227
908	5672	0.30185
909	5666	0.075008
914	925	0.020846
914	1540	0.12475
914	1542	0.12515
914	1553	0.093333
914	1555	0.14503
914	1556	0.21474
914	5672	0.02784
920	922	0.045312
921	932	0.0016654
921	944	0.0021063
922	5669	0.041651
925	1541	0.10399
925	1549	0.10839
925	1553	0.072488
925	5672	0.0069939
925	5673	0.0050869
928	5666	0.0021002
929	946	0.0013985
933	5706	0.0084965
933	5707	0.0082536
936	5638	0.1036
938	1556	0.096547
938	5672	0.30985
940	5665	0.086436
945	5641	0.0059205
947	5707	0.0033567
947	5708	0.0029159
947	5717	0.0062709
947	5718	0.0037594
954	955	0.25539
956	971	0.0048223
966	984	0.024734
966	990	0.026939
966	995	0.028151
974	1008	0.052441
974	1017	0.058797
974	1030	0.07184
974	1031	0.069057
974	1036	0.076386
975	1032	0.28789
977	981	0.0024381
977	984	0.0048225
977	990	0.0070268
977	995	0.0082389
984	990	0.0022044
984	995	0.0034164
986	1009	0.0096311
986	1033	0.017484
986	1057	0.022075
987	1020	0.0042686
994	1011	0.0036743
995	1022	0.0040732
996	1041	0.016407
998	1017	0.017733
998	1027	0.026169
998	1042	0.040591
1000	1041	0.014356
1000	1048	0.016499
1006	1024	0.005135
1006	1043	0.0074487
1008	1030	0.0194
1008	1031	0.016616
1008	1036	0.023945
1011	1018	0.00097948
1012	1027	0.010181
1012	1030	0.014788
1012	1031	0.012004
1017	1027	0.0084361
1017	1030	0.013043
1017	1036	0.017589
1017	1040	0.021218
1017	1042	0.022858
1027	1030	0.0046073
1027	1032	0.0063015
1027	1044	0.015189
1030	1031	0.0027837
1030	1032	0.0016942
1030	1036	0.0045453
1030	1040	0.0081748
1030	1042	0.0098143
1030	1044	0.010582
1031	1032	0.0044779
1031	1040	0.010959
1031	1042	0.012598
1032	1040	0.0064806
1036	1044	0.0060363
1042	1044	0.00076737
1078	1083	0.066273
1081	1087	0.0054572
1082	1102	0.016613
1097	1102	0.00073752
1097	1106	0.0032511
1102	1106	0.0025136
1104	1141	0.0071905
1106	1111	0.0010435
1108	1141	0.0060006
1112	1136	0.011707
1114	1120	0.22576
1115	1124	0.002311
1119	1128	0.0038626
1121	1147	0.003475
1128	1137	0.00090903
1132	1138	0.00080661
1136	1138	0.00031277
1140	1142	0.13593
1140	1146	0.13184
1140	1164	0.12791
1142	1170	0.048594
1146	1164	0.025307
1146	5879	0.073916
1150	1166	0.03294
1150	1172	0.039182
1150	5874	0.064618
1150	5875	0.061211
1155	1164	0.012224
1155	1170	0.021748
1157	1174	0.022309
1157	5902	0.033853
1157	5904	0.03474
1158	1165	0.012124
1158	1166	0.018006
1158	1172	0.024249
1158	1178	0.034154
1164	5879	0.070206
1165	1172	0.012124
1165	5874	0.03756
1165	5878	0.030462
1166	1172	0.0062421
1166	1182	0.021746
1166	5874	0.031678
1166	5875	0.028271
1170	1177	0.072622
1172	1178	0.0099055
1172	5875	0.022029
1174	5865	0.0064328
1174	5866	0.0061045
1174	5904	0.012431
1174	5905	0.012603
1175	5867	0.021678
1175	5871	0.029922
1175	5872	0.030003
1176	5886	0.0038376
1177	1184	0.0059347
1177	5877	0.046874
1177	5879	0.007064
1178	1182	0.0055987
1180	5865	0.0037725
1180	5866	0.0034442
1180	5903	0.0094254
1182	5875	0.0065252
1182	5878	0.0028332
1196	1197	0.22411
1209	1211	0.11732
1211	1215	0.37506
1225	1232	0.18998
1273	1296	0.073534
1278	1282	0.13969
1293	5894	0.15734
1299	1559	0.20979
1304	1305	0.0014903
1313	1314	0.081596
1345	1366	0.0035282
1356	1368	0.0044932
1356	1374	0.0052094
1368	1377	0.0014322
1373	1379	0.0019543
1374	1377	0.0021485
1382	1384	0.25259
1393	1407	0.005234
1393	1412	0.0065291
1395	1414	0.0048531
1408	1417	0.035403
1416	1420	0.23725
1416	5893	0.0088505
1422	1427	0.010743
1423	1426	0.00040776
1423	1428	0.0026249
1423	1429	0.02512
1424	1426	2.7019e-05
1424	1427	0.012327
1424	1428	0.0022442
1425	1426	0.0012081
1425	1428	0.001009
1425	1429	0.026736
1427	1428	0.014571
1431	1436	0.0081803
1438	1439	0.00037544
1438	1440	0.0017166
1448	1455	0.0023908
1450	1454	0.0052232
1450	1457	0.005386
1452	1458	0.003835
1452	1465	0.0098309
1453	1457	0.00068435
1459	1474	0.037003
1459	1479	0.037606
1459	1482	0.038987
1459	1484	0.036132
1463	1467	0.0061314
1463	1470	0.0081999
1464	1467	0.0036603
1464	1473	0.0071623
1465	1478	0.0030167
1466	1528	0.28316
1469	1471	0.0041396
1469	1479	0.0079768
1469	1480	0.0051794
1469	1483	0.018201
1469	1489	0.020635
1470	1473	0.0014335
1470	1475	0.002399
1471	1486	0.01562
1472	1476	0.0011786
1473	1475	0.0009655
1474	1479	0.00060276
1474	1482	0.0019838
1474	1489	0.013261
1479	1482	0.001381
1479	1484	0.0014736
1479	1485	0.011521
1479	1489	0.012658
1480	1483	0.013022
1480	1489	0.015455
1482	1485	0.01014
1483	1489	0.0024337
1484	1485	0.012994
1484	1489	0.014132
1485	1486	0.0002619
1485	1489	0.0011373
1486	1489	0.00087535
1493	1513	0.010003
1493	1520	0.011115
1495	1496	0.00079585
1497	1498	0.084252
1499	1533	0.010936
1503	1516	0.0041294
1506	1513	0.0058032
1507	1529	0.003552
1507	1532	0.0074856
1508	1524	0.024714
1508	1527	0.030487
1508	1528	0.032021
1508	2651	0.044018
1508	2652	0.038413
1508	2655	0.068639
1508	2656	0.07684
1508	2664	0.042825
1508	2666	0.035003
1509	1516	0.0017924
1509	1533	0.0049609
1512	1539	0.004586
1513	1520	0.0011122
1515	1517	0.17016
1518	1524	0.0087575
1518	1527	0.014531
1518	1528	0.016065
1518	2653	0.027426
1518	2654	0.041837
1518	2656	0.060884
1518	2661	0.029585
1518	2663	0.026686
1524	1527	0.0057737
1524	2651	0.019305
1524	2653	0.018669
1524	2655	0.043926
1524	2665	0.018244
1524	2666	0.010289
1527	1528	0.0015337
1527	2651	0.013531
1527	2652	0.0079258
1527	2654	0.027306
1527	2660	0.019162
1527	2663	0.012155
1527	2664	0.012338
1527	2665	0.012471
1528	2652	0.0063922
1528	2653	0.011362
1528	2654	0.025772
1528	2655	0.036619
1528	2660	0.017629
1528	2661	0.01352
1529	1532	0.0039336
1530	1532	0.00036302
1535	5909	0.0025558
1540	1541	8.6209e-05
1540	1543	0.0042918
1540	1545	0.01429
1540	1546	0.0032289
1540	1547	0.021072
1540	1549	0.0044862
1540	1551	0.039071
1540	1553	0.031416
1540	1555	0.020283
1540	5672	0.096908
1540	5673	0.098815
1541	1545	0.014376
1541	1546	0.0031427
1541	1550	0.056238
1541	1551	0.039157
1541	1553	0.031503
1541	1555	0.020197
1542	1543	0.0038896
1542	1546	0.0028266
1542	1548	0.0021558
1542	1553	0.031819
1542	1555	0.019881
1543	1544	0.00034084
1543	1545	0.018582
1543	1549	0.00019433
1543	1551	0.043363
1543	1552	0.013435
1543	1553	0.035708
1543	5673	0.10311
1544	1546	0.0014038
1544	1548	0.0020746
1544	1550	0.060784
1544	1552	0.013094
1544	1553	0.036049
1545	1549	0.018776
1545	1552	0.032017
1545	1555	0.034573
1545	5673	0.084525
1546	1547	0.024301
1546	1548	0.00067084
1546	1549	0.0012573
1546	1552	0.014498
1546	1556	0.31292
1547	1552	0.038799
1548	1549	0.0019281
1548	1551	0.041629
1548	1552	0.015169
1548	5673	0.10137
1549	1550	0.060638
1549	1552	0.013241
1549	1553	0.035902
1549	1555	0.015797
1549	5673	0.1033
1550	1553	0.024738
1550	5673	0.042663
1551	1553	0.0076562
1551	5672	0.057838
1551	5673	0.059745
1552	1553	0.049143
1552	1554	0.2946
1552	5672	0.11463
1554	1556	0.036222
1554	5673	0.20816
1555	5673	0.1191
1567	1575	0.0014584
1571	1577	0.050721
1571	1584	0.16254
1586	1591	0.32278
1594	1596	0.10692
1629	1630	0.12433
1630	1634	0.013715
1665	2497	0.2776
1668	1758	0.54089
1674	1763	0.6766
1675	4887	0.16306
1706	1713	0.0017029
1720	1723	0.0054448
1721	1722	0.00071824
1722	1723	0.00046106
1722	1724	0.00063654
1739	1741	0.24859
1764	1765	0.073465
1768	1772	0.2909
1779	1782	0.14808
1788	4955	0.0042739
1798	1800	0.11976
1806	1816	0.010445
1811	1813	0.21891
1815	1822	0.0085038
1818	1822	0.0032963
1818	1825	0.0038667
1821	1828	0.24497
1822	1825	0.00057036
1824	1846	0.046934
1824	1849	0.050389
1827	1830	0.0015606
1835	1881	0.022198
1839	1846	0.0061183
1839	1849	0.0095736
1839	1854	0.010851
1845	1846	0.001712
1845	1854	0.0064431
1846	1849	0.0034553
1846	1854	0.0047324
1847	1853	0.2219
1847	1856	0.052813
1848	1860	0.0036576
1850	1867	0.0098466
1853	1856	0.19115
1855	1884	0.018139
1855	1893	0.02264
1863	1881	0.0047219
1864	1880	0.36428
1866	1889	0.0080725
1867	1886	0.0035172
1877	4841	0.16589
1882	1906	0.011304
1882	1911	0.012263
1884	1893	0.0045002
1888	1899	0.01109
1893	4854	0.0038363
1894	4632	0.44259
1895	1907	0.017455
1895	4689	0.068477
1895	4690	0.073708
1895	4691	0.030599
1895	4692	0.040252
1897	4835	0.028961
1897	4837	0.049203
1898	1941	0.40231
1906	1908	0.00040592
1906	1911	0.00095894
1907	4686	0.088029
1907	4689	0.051022
1907	4690	0.056253
1907	4691	0.013145
1907	4692	0.022797
1915	1916	0.090632
1915	1920	0.084846
1916	1920	0.0069089
1916	1924	0.014041
1916	1934	0.024722
1916	1940	0.025266
1917	1920	0.0053346
1917	1924	0.012467
1920	1924	0.0071325
1920	1934	0.017813
1920	1940	0.018357
1923	1926	0.0042275
1924	1940	0.011224
1925	1932	0.082349
1926	1938	0.0046605
1931	1939	0.0061146
1933	1950	0.0054609
1934	1940	0.00054402
1935	1947	0.31277
1939	1947	0.0031435
1957	1958	0.030571
1957	1961	0.23619
1963	1967	0.0087218
1963	1969	0.011731
1963	1987	0.029422
1964	1984	0.022962
1964	1987	0.024429
1964	1990	0.025151
1967	1984	0.019233
1967	1990	0.021422
1969	1987	0.017691
1974	4833	0.012923
1977	1992	0.0093577
1977	2011	0.011118
1979	2006	0.0064864
1984	1987	0.0014676
1987	1990	0.00072124
1988	2018	0.0061162
1989	4637	0.02394
1989	4638	0.025073
1990	1993	0.00022529
1992	2007	0.0044411
1996	2013	0.022757
2000	2027	0.01053
2000	4706	0.012378
2000	4707	0.012907
2001	4845	0.031468
2003	2020	0.0037296
2003	4831	0.0068136
2007	2011	0.0026811
2007	2014	0.00046366
2007	2022	0.001974
2008	2021	0.002031
2008	2024	0.0086997
2008	2025	0.0021974
2008	4637	0.010252
2008	4638	0.011385
2011	2014	0.0031447
2014	2022	0.0015103
2016	4842	0.014924
2016	4844	0.025988
2016	4846	0.0079563
2019	4581	0.002691
2020	4831	0.003084
2021	2025	0.00016645
2021	4637	0.0082206
2021	4638	0.0093535
2024	2025	0.0065023
2024	4638	0.0026848
2024	4639	0.0014562
2025	4638	0.0091871
2025	4639	0.0079585
2027	4706	0.0018483
2027	4707	0.0023769
2027	4708	0.0025491
2029	4479	0.015693
2029	4480	0.017654
2029	4481	0.018182
2029	4482	0.017751
2076	2080	0.0082958
2087	2099	0.0017729
2093	2106	0.0054483
2093	2110	0.0062863
2093	2112	0.0070227
2106	2110	0.00083798
2106	2112	0.0015745
2111	2124	0.0022198
2112	2116	0.00071517
2132	2142	0.0053156
2132	4346	0.0076688
2157	2170	0.0070434
2158	2169	0.033286
2158	2171	0.031986
2158	2177	0.033524
2159	2173	0.0038729
2162	2169	0.0095033
2162	2176	0.0097452
2162	2177	0.0097437
2165	2171	0.0022861
2165	2176	0.0038089
2165	2178	0.0043868
2168	2172	0.0025666
2168	2175	0.0035851
2168	2184	0.0053068
2169	2171	0.0014714
2169	2178	0.0011319
2171	2176	0.0015402
2171	2178	0.0021216
2172	2175	0.0010185
2174	2192	0.33557
2176	2177	1.5805e-06
2183	2206	0.0043458
2189	2206	0.0024369
2190	2213	0.0073317
2190	2215	0.0079358
2193	2207	0.0019767
2204	2218	0.0019195
2209	2211	0.000504
2213	2215	0.00060412
2214	2237	0.0023941
2216	2229	0.0021245
2220	2231	0.0021145
2228	2263	0.01935
2228	6105	0.022233
2232	2246	0.0019652
2239	2262	0.0045366
2240	6103	0.22535
2242	2249	0.00077715
2243	4118	0.0033307
2251	6098	0.037326
2251	6100	0.034308
2251	6101	0.029212
2255	2258	0.0014894
2256	2265	0.0033735
2256	6105	0.0076746
2260	6078	0.0042643
2263	2265	0.0014178
2263	6105	0.0028833
2265	6105	0.0043011
2266	2268	0.083789
2266	2269	0.030247
2266	2270	0.054192
2266	2288	0.066358
2266	2302	0.11961
2267	2268	0.018031
2267	2271	0.029646
2267	2275	0.05907
2267	2277	0.10576
2267	2296	0.042033
2267	2302	0.051872
2267	2324	0.091471
2267	3968	0.14787
2268	2269	0.063725
2268	2271	0.017345
2268	2286	0.1367
2268	2302	0.054378
2268	2309	0.064273
2268	3968	0.1406
2269	2270	0.074296
2269	2275	0.021582
2269	2288	0.036113
2269	2330	0.14284
2269	3969	0.17909
2271	2288	0.062323
2271	2330	0.078173
2272	2280	0.2955
2272	2282	0.14607
2273	2285	0.04761
2275	2282	0.018561
2277	2286	0.072938
2277	2289	0.11516
2277	2296	0.089281
2277	2309	0.065634
2277	2324	0.048449
2279	2284	0.045399
2280	2288	0.14301
2280	2296	0.10042
2280	3969	0.046765
2281	2284	0.053992
2282	2296	0.058816
2282	2330	0.12502
2282	3969	0.1616
2283	3968	0.04799
2283	3969	0.045375
2286	2289	0.061661
2286	2330	0.043294
2286	3969	0.024861
2288	2296	0.04597
2288	2309	0.075125
2289	2317	0.36128
2299	2305	0.0056678
2302	2324	0.044762
2302	3968	0.1034
2304	2306	0.10467
2308	2322	0.065965
2308	2382	0.18507
2309	2330	0.03705
2317	2336	0.19353
2320	2358	0.22353
2321	2336	0.16491
2321	2371	0.2231
2322	2383	0.1229
2325	2326	0.046361
2325	2332	0.043318
2326	2328	0.063052
2326	2342	0.12916
2327	2332	0.037711
2330	3968	0.050667
2331	2363	0.069004
2331	2383	0.095709
2331	3965	0.099994
2333	2341	0.11729
2334	2353	0.015267
2335	2347	0.016958
2335	2381	0.033512
2336	3983	0.086851
2338	3983	0.082675
2338	3985	0.072651
2340	3965	0.072374
2341	2343	0.062214
2344	2351	0.0044845
2344	2353	0.0059877
2346	2351	0.0015412
2347	2361	0.0089315
2347	2381	0.016554
2348	2365	0.016744
2348	2369	0.019187
2351	2353	0.0015032
2356	2369	0.010942
2358	3982	0.048593
2361	2373	0.0058266
2362	2364	0.041667
2363	2383	0.026705
2363	3964	0.031747
2363	3966	0.029488
2365	2369	0.0024424
2365	2372	0.0034563
2365	2374	0.0035515
2369	2372	0.0010139
2369	2374	0.001109
2371	3983	0.028584
2373	2381	0.0017958
2376	3474	0.18296
2378	3978	0.2369
2378	3981	0.072107
2382	3964	0.0088373
2382	3965	0.00808
2382	3966	0.0065784
2383	3964	0.0050424
2383	3966	0.0027836
2384	2386	0.031781
2384	2390	0.056222
2384	2396	0.050959
2384	2399	0.045345
2385	2390	0.036956
2385	2391	0.048027
2385	2394	0.055843
2385	2396	0.031696
2385	2397	0.063788
2385	2399	0.064608
2385	2400	0.043312
2386	2388	0.028782
2386	2389	0.0054225
2386	2390	0.087995
2386	2393	0.088305
2386	2397	0.012746
2386	2404	0.11883
2386	2412	0.075126
2387	2391	0.07022
2387	2396	0.053884
2387	2397	0.0416
2387	2399	0.04242
2387	2404	0.089979
2387	2406	0.047224
2387	2412	0.04627
2388	2394	0.078111
2388	2397	0.041524
2388	2399	0.042344
2388	2405	0.13808
2388	2408	0.046637
2388	2412	0.046346
2389	2393	0.093727
2389	2400	0.099775
2389	2406	0.081499
2390	2412	0.012934
2390	2416	0.1448
2391	2393	0.010774
2391	2394	0.0078164
2391	2400	0.0047329
2391	2404	0.019766
2391	2405	0.067781
2391	2408	0.023686
2391	2412	0.023978
2391	2414	0.059245
2392	2398	0.14692
2393	2394	0.01858
2393	2396	0.0057266
2393	2397	0.10105
2393	2400	0.0061161
2393	2406	0.012335
2393	2408	0.012996
2393	2412	0.013287
2393	2416	0.14449
2394	2395	0.0087464
2394	2399	0.12045
2394	2400	0.012543
2394	2406	0.030838
2394	2412	0.031793
2394	2416	0.12591
2395	2396	0.015473
2395	2397	0.11089
2395	2405	0.068705
2395	2406	0.022134
2395	2408	0.022797
2395	2412	0.023089
2395	2416	0.13465
2396	2397	0.095483
2396	2399	0.096303
2396	2412	0.0076226
2397	2404	0.13158
2397	2406	0.088824
2397	2412	0.08787
2398	2401	0.0098613
2400	2404	0.024476
2400	2405	0.072499
2400	2412	0.01925
2401	2402	0.01484
2401	2411	0.029401
2401	2418	0.023793
2403	2409	0.00098344
2403	2411	0.16677
2403	2418	0.14686
2405	2408	0.091452
2405	2412	0.091744
2405	2416	0.065947
2406	2408	0.00066337
2406	2412	0.00095544
2406	2414	0.08225
2406	2426	0.29579
2408	2412	0.00029207
2409	2411	0.16726
2412	2414	0.083206
2417	2419	0.090448
2419	2421	0.005882
2420	2425	0.001826
2436	2460	0.10309
2446	2447	0.092917
2446	2452	0.0054445
2447	2457	0.023798
2457	2466	0.049328
2461	3327	0.028223
2461	3328	0.025951
2461	3329	0.028807
2491	3327	0.010944
2502	2506	0.0095493
2502	2507	0.011108
2502	2509	0.011672
2504	2508	0.25652
2512	2526	0.066786
2512	2528	0.066808
2512	2529	0.067992
2513	2529	0.053238
2518	2521	0.0029559
2520	2521	0.3725
2520	2524	0.18412
2522	2524	0.0054885
2522	2532	0.19251
2523	2526	0.0016756
2523	2529	0.0028818
2523	2530	0.0043645
2526	2528	2.245e-05
2526	2530	0.0026889
2526	2531	0.0024623
2528	2529	0.0011838
2528	2531	0.0024399
2529	2530	0.0014827
2529	2531	0.0012561
2530	2531	0.00022655
2548	2565	0.37326
2554	2583	0.43309
2562	2594	0.015543
2571	2583	0.0041008
2574	2585	0.11361
2574	2592	0.19648
2575	2582	0.015667
2592	2681	0.25894
2592	2683	0.20247
2596	2602	0.0035326
2598	2607	0.056681
2599	5940	0.24141
2600	2604	0.0022006
2601	2615	0.0038835
2602	2604	0.00058053
2607	2613	0.045058
2607	2618	0.069303
2607	2679	0.23132
2611	5924	0.061648
2611	5928	0.13002
2611	5929	0.1262
2611	5930	0.09879
2611	5932	0.14001
2611	5933	0.14131
2611	5934	0.13734
2611	5943	0.13021
2618	2683	0.0398
2624	2625	0.0010016
2624	2626	0.00069559
2624	2628	0.0033192
2624	2629	0.0071442
2624	2630	0.0025389
2624	2632	0.013325
2625	2626	0.00030597
2625	2627	0.0010642
2625	2630	0.0015373
2625	2631	0.0057051
2625	2632	0.012323
2626	2628	0.0026236
2627	2630	0.00047309
2627	2631	0.0046408
2628	2629	0.003825
2628	2632	0.010005
2629	2630	0.0046053
2629	2632	0.0061803
2630	2631	0.0041678
2631	2632	0.0066179
2637	2639	0.0026589
2638	2639	0.0024063
2642	2643	0.0020822
2642	2644	0.005288
2642	2646	0.00060716
2642	2650	0.0090567
2643	2646	0.001475
2643	2647	0.0056832
2644	2645	0.0014225
2644	2647	0.0024773
2644	2648	0.0026898
2644	2650	0.0037687
2645	2646	0.0061034
2645	2650	0.0023462
2647	2649	0.010757
2649	2650	0.012048
2651	2657	0.035589
2651	2658	0.044721
2651	2661	0.0015229
2651	2662	0.0039452
2651	2663	0.0013757
2651	2664	0.0011928
2652	2653	0.0049694
2652	2655	0.030226
2652	2656	0.038427
2652	2658	0.050326
2652	2659	0.050138
2652	2662	0.0016598
2652	2663	0.0042293
2652	2664	0.0044122
2652	2665	0.0045449
2653	2656	0.033458
2653	2658	0.045357
2653	2660	0.0062669
2653	2662	0.0033096
2653	2665	0.00042452
2654	2657	0.021814
2654	2662	0.01772
2654	2663	0.015151
2654	2664	0.014968
2654	2665	0.014835
2654	2666	0.022791
2655	2657	0.010968
2655	2658	0.0201
2655	2659	0.019912
2655	2661	0.023099
2655	2665	0.025681
2656	2661	0.0313
2656	2663	0.034198
2656	2664	0.034015
2656	2666	0.041838
2657	2658	0.0091321
2657	2659	0.0089443
2657	2660	0.029958
2657	2661	0.034066
2657	2663	0.036965
2658	2664	0.045914
2659	2661	0.043011
2659	2664	0.045726
2660	2661	0.0041085
2660	2662	0.0095765
2660	2664	0.0068241
2661	2662	0.005468
2661	2663	0.0028986
2662	2663	0.0025695
2662	2666	0.0050703
2663	2664	0.00018293
2663	2665	0.00031563
2665	2666	0.0079554
2667	2668	0.0010971
2667	2669	0.012014
2667	2670	0.0098303
2667	2671	0.027526
2667	2672	0.024383
2667	2673	0.067743
2668	2669	0.010917
2668	2670	0.0087332
2668	2671	0.026429
2668	2673	0.066646
2668	2674	0.1049
2668	2675	0.13118
2669	2670	0.0021842
2669	2672	0.012368
2669	2674	0.093982
2670	2671	0.017696
2670	2672	0.014552
2670	2676	0.16814
2670	2677	0.21316
2671	2674	0.07847
2671	2675	0.10475
2672	2675	0.1079
2672	2676	0.15359
2674	2676	0.071974
2674	2680	0.20801
2676	2677	0.045017
2676	2678	0.091514
2677	2678	0.046497
2677	2679	0.078456
2677	2681	0.1442
2679	2680	0.012564
2679	2681	0.065742
2680	2681	0.053178
2680	2682	0.073823
2681	2682	0.020645
2687	2694	0.047918
2688	2689	0.0044814
2688	2692	0.0237
2688	2693	0.024953
2688	2694	0.02518
2689	2693	0.020471
2691	2692	0.010247
2691	2694	0.011727
2692	2693	0.0012529
2692	2694	0.0014801
2693	2694	0.00022719
2701	2702	0.0012492
2719	2721	0.1989
2722	2734	0.049586
2727	2733	0.0159
2727	2734	0.017152
2732	2734	0.0032906
2736	2737	0.076187
2739	2783	0.12634
2739	2784	0.12742
2742	2745	0.0085661
2742	2765	0.061569
2743	2755	0.0046259
2745	2747	0.0077707
2745	2783	0.086661
2745	2789	0.090624
2747	2756	0.018021
2747	2783	0.07889
2747	2790	0.083038
2751	2753	0.21656
2756	2765	0.027211
2756	2783	0.060869
2756	2784	0.061949
2757	2770	0.0059036
2762	2764	0.11604
2762	2786	0.038372
2762	2792	0.038355
2764	2774	0.0055361
2764	2781	0.13179
2764	2786	0.1336
2765	2784	0.034738
2766	4354	0.063282
2771	2794	0.14256
2772	2791	0.0066053
2774	2792	0.13052
2775	2794	0.030531
2775	2820	0.052052
2781	2786	0.0032099
2781	2800	0.0073647
2783	2784	0.0010795
2783	2789	0.003963
2783	2790	0.0041477
2784	2789	0.0028835
2784	2790	0.0030682
2789	2790	0.0001847
2792	2800	0.0041713
2794	2820	0.021521
2794	2822	0.021857
2794	2824	0.0078596
2796	2821	0.0063976
2796	4355	0.028936
2801	2805	0.0016323
2803	3066	0.016294
2804	2805	0.012558
2809	4350	0.031357
2809	4351	0.028223
2809	4352	0.031787
2809	4353	0.0063389
2813	3067	0.0025397
2814	3064	0.032875
2814	3065	0.035285
2814	3066	0.0023066
2815	2822	0.0019658
2817	4348	0.11561
2818	4348	0.0058761
2819	3058	0.020864
2819	3061	0.025781
2820	2822	0.00033633
2821	4356	0.023069
2821	4357	0.02056
2821	4358	0.021586
2823	4354	0.023959
2825	2826	0.006045
2825	2828	0.092316
2825	2832	0.066386
2826	2833	0.068995
2827	2829	0.017239
2827	2830	0.02292
2828	2829	0.18777
2828	2830	0.18209
2828	2832	0.1587
2828	2834	0.092981
2829	2831	0.0089254
2831	2832	0.020142
2834	2835	0.014008
2835	2836	0.0050166
2835	2837	0.01136
2835	2838	0.020737
2836	2838	0.01572
2843	2845	0.12106
2846	2850	0.019402
2858	2860	0.0060465
2864	2867	0.014482
2864	2868	0.015855
2864	2869	0.016793
2865	2874	0.00658
2865	2875	0.026549
2867	2868	0.0013727
2873	2874	0.017137
2873	2875	0.0028319
2873	2877	0.0040172
2874	2876	0.020138
2875	2877	0.0011853
2879	2884	0.0065412
2883	2886	0.013992
2883	2889	0.017214
2883	2891	0.029824
2883	2893	0.031676
2885	2897	0.016286
2886	2888	0.0030978
2886	2889	0.0032225
2886	2890	0.013058
2886	2891	0.015832
2886	2892	0.016724
2886	2893	0.017685
2888	2891	0.012735
2888	2892	0.013626
2889	2891	0.01261
2889	2892	0.013501
2889	2893	0.014462
2890	2891	0.0027745
2891	2892	0.00089143
2891	2893	0.0018523
2892	2893	0.00096088
2898	2900	0.017198
2898	2901	0.051855
2898	2903	0.079424
2898	2905	0.12178
2898	2906	0.030036
2898	2909	0.12355
2899	2900	0.0052737
2899	2901	0.039931
2899	2902	0.020117
2899	2904	0.031317
2899	2906	0.041961
2899	2909	0.11162
2899	2911	0.052453
2899	2912	0.045813
2899	2916	0.27722
2899	2918	0.27169
2900	2901	0.034657
2900	2906	0.047234
2900	2911	0.047179
2900	2912	0.040539
2900	2913	0.034838
2901	2904	0.071247
2901	2905	0.06993
2901	2906	0.081891
2901	2909	0.071692
2901	2911	0.012523
2901	2912	0.0058832
2901	2913	0.00020688
2901	2914	0.28624
2901	2916	0.2878
2902	2904	0.0112
2902	2906	0.021844
2902	2911	0.072569
2902	2912	0.065929
2902	2913	0.060229
2903	2906	0.10946
2903	2910	0.036738
2903	2913	0.027388
2903	2914	0.29607
2903	2916	0.29802
2904	2913	0.071429
2905	2910	0.0056226
2905	2911	0.057408
2905	2913	0.069748
2906	2913	0.082073
2906	2915	0.27201
2906	2922	0.28057
2907	2908	0.014688
2907	2909	0.12132
2907	2910	0.1287
2907	2921	0.43313
2907	2922	0.43855
2910	2912	0.058425
2910	2918	0.29378
2911	2914	0.29041
2911	2919	0.27324
2912	2913	0.005701
2912	2920	0.30845
2914	2915	0.0043741
2914	2917	0.0058657
2914	2918	0.042283
2914	2923	0.060047
2915	2917	0.0014916
2915	2918	0.046657
2915	2919	0.075855
2915	2921	0.049755
2916	2922	0.056248
2918	2919	0.029198
2919	2920	0.1213
2920	2921	0.0043112
2920	2923	0.010229
2922	2923	0.00099337
2932	2936	0.2152
2950	2952	0.0019648
2950	2968	0.052466
2950	3019	0.11248
2952	2978	0.0527
2952	2992	0.10201
2952	3004	0.11052
2952	3019	0.11051
2954	2960	0.0026657
2954	2969	0.0083315
2960	2969	0.0056659
2961	3004	0.08925
2961	3009	0.090404
2961	3015	0.088306
2965	2973	0.0032584
2968	3004	0.060017
2968	3010	0.061389
2973	2981	0.0025389
2978	2992	0.049306
2978	3015	0.056874
2978	3019	0.057812
2979	2998	0.0041304
2984	2988	0.0020776
2985	3007	0.023067
2985	3012	0.025344
2985	3016	0.02751
2989	3003	0.004382
2991	3028	0.028349
2992	2995	0.0019731
2992	3004	0.0085117
2992	3013	0.010136
2992	3019	0.0085051
2995	3009	0.0076926
2995	3010	0.0079106
2995	3013	0.0081628
2995	3019	0.0065321
3004	3010	0.001372
3004	3013	0.0016242
3007	3012	0.0022768
3007	3020	0.076617
3009	3019	0.0011606
3010	3013	0.00025223
3010	3015	0.0023159
3011	3017	0.25537
3012	3016	0.0021656
3013	3015	0.0025682
3030	3036	0.099776
3030	3041	0.10763
3030	3316	0.11648
3030	3317	0.11666
3036	3319	0.020872
3041	3316	0.01238
3041	3319	0.0089038
3044	3058	0.053476
3044	3060	0.05203
3044	3061	0.050656
3044	3063	0.043752
3045	3060	0.051433
3047	3049	0.00068128
3050	3052	0.0033632
3050	3054	0.022786
3050	3056	0.016607
3051	3056	0.018202
3052	3054	0.026135
3052	3055	0.021622
3054	3055	0.0045332
3057	3064	0.16003
3058	3059	0.0024437
3058	3060	0.0024724
3058	3062	0.021074
3058	3063	0.022863
3059	3061	0.0073602
3059	3062	0.023517
3060	3061	0.0024443
3060	3063	0.020391
3061	3062	0.016157
3064	3065	0.0024952
3080	3111	0.076832
3080	3125	0.09028
3080	3137	0.087397
3080	3141	0.10729
3080	3144	0.1102
3081	3099	0.010643
3081	3108	0.012046
3085	3087	0.0012757
3085	3100	0.0033317
3087	3100	0.002056
3092	3111	0.032349
3092	3120	0.037808
3092	3129	0.041071
3092	3137	0.042914
3092	3154	0.072566
3111	3129	0.0087223
3111	3137	0.010565
3111	3141	0.030454
3111	3144	0.033371
3111	3154	0.040217
3120	3129	0.0032636
3120	3141	0.024995
3120	3144	0.027913
3120	3184	0.041532
3125	3129	0.0047259
3125	3154	0.026769
3129	3144	0.024649
3129	3154	0.031494
3129	3184	0.038268
3137	3154	0.029652
3144	3154	0.0068454
3154	3184	0.0067741
3156	3308	0.0080431
3161	3172	0.0067711
3161	3175	0.0074112
3164	3179	0.0043623
3164	4694	0.0052727
3167	3170	0.00061206
3170	3172	0.00022666
3171	3179	0.0021835
3190	3197	0.012893
3190	3200	0.014504
3191	3193	0.025964
3191	3197	0.019447
3191	3201	0.021422
3192	3193	0.034118
3192	3196	0.00209
3192	3201	0.013268
3193	3200	0.047022
3196	3201	0.015357
3197	3200	0.0016113
3197	3201	0.0019744
3202	3211	0.06923
3203	3204	0.07808
3206	3208	0.012481
3206	3210	0.018004
3206	3211	0.01981
3207	3210	0.012221
3207	3211	0.014028
3208	3210	0.005523
3210	3211	0.0018067
3221	3222	0.024562
3222	3223	0.025603
3223	3245	0.21017
3223	3252	0.23772
3225	3227	0.30849
3225	3252	0.16294
3225	3260	0.13071
3225	3267	0.11797
3226	3237	0.11013
3226	3240	0.076641
3226	3245	0.16176
3226	3252	0.18931
3226	3267	0.24388
3229	3237	0.067876
3230	3232	0.19967
3233	3236	0.023356
3237	3241	0.031864
3237	3252	0.079179
3240	3252	0.11267
3241	3252	0.047315
3241	3260	0.085495
3241	3267	0.10189
3243	3246	0.13072
3245	3252	0.027546
3245	3264	0.072281
3251	3253	0.31691
3252	3264	0.044735
3254	3255	0.22854
3260	3264	0.0065543
3264	3267	0.0098383
3283	3286	0.11022
3284	3287	0.10477
3292	3294	0.1426
3294	3295	0.080733
3300	3301	0.092189
3301	3302	0.07488
3304	3305	0.11072
3306	4224	0.12042
3315	3316	0.00055562
3315	3317	0.00079442
3317	3318	0.0059897
3318	3320	0.0036769
3327	3328	0.0022719
3327	3329	0.00058352
3328	3329	0.0028554
3340	3342	0.0029469
3345	3346	0.010416
3345	3347	0.025636
3345	3351	0.029023
3345	3355	0.042997
3346	3351	0.018607
3346	3353	0.018714
3346	3356	0.032296
3346	3360	0.037076
3346	3361	0.037284
3347	3355	0.017361
3347	3357	0.017317
3347	3361	0.022064
3348	3351	0.00091498
3348	3352	0.010116
3348	3355	0.014889
3348	3356	0.014604
3348	3358	0.015391
3349	3350	0.17444
3351	3353	0.00010702
3351	3356	0.013689
3351	3358	0.014476
3351	3359	0.018028
3351	3360	0.018469
3352	3353	0.0090941
3352	3356	0.0044874
3352	3357	0.0047284
3352	3359	0.0088269
3353	3356	0.013582
3353	3357	0.013823
3353	3358	0.014369
3353	3360	0.018362
3353	3361	0.01857
3354	3355	0.00083688
3354	3356	0.00055178
3354	3358	0.0013391
3354	3360	0.0053319
3354	3361	0.0055403
3355	3356	0.0002851
3355	3357	4.404e-05
3355	3358	0.00050225
3355	3359	0.0040545
3355	3360	0.004495
3356	3359	0.0043396
3356	3360	0.0047802
3357	3360	0.0045391
3357	3361	0.0047475
3358	3360	0.0039928
3358	3361	0.0042012
3359	3361	0.00064897
3368	3379	0.0033441
3369	3371	0.0038973
3376	3381	0.086314
3389	3390	0.0074177
3389	3404	0.024596
3389	3407	0.025358
3390	3392	0.0053435
3390	3400	0.016424
3390	3402	0.013719
3390	3404	0.017178
3392	3400	0.011081
3394	3404	0.010485
3394	3407	0.011247
3395	3402	0.001432
3398	3409	0.0051656
3400	3402	0.0027054
3400	3404	0.00075385
3401	3403	0.0010052
3402	3404	0.0034592
3402	3407	0.0042214
3403	3406	0.0016146
3403	3408	0.0018019
3406	3408	0.00018729
3410	3415	0.0018115
3418	3422	0.0088379
3421	3424	0.0016494
3421	3427	0.0034906
3424	3427	0.0018411
3437	3446	0.0044492
3438	4851	0.014478
3442	4640	0.0099226
3445	3446	0.00060315
3453	3454	0.0060518
3453	3460	0.016314
3455	3458	0.0099303
3456	3458	0.005163
3458	3461	0.0037104
3458	3464	0.004836
3459	3461	0.0010916
3460	3462	0.00090384
3473	3475	0.049498
3480	3492	0.04272
3480	3494	0.047713
3481	3492	0.03482
3481	3502	0.053739
3483	3487	0.013208
3483	3490	0.017982
3487	3490	0.0047749
3487	3491	0.0066682
3487	3493	0.0072127
3487	3497	0.010173
3489	3494	0.013557
3490	3491	0.0018933
3490	3493	0.011988
3491	3493	0.013881
3491	3497	0.0035046
3493	3497	0.017386
3494	3507	0.020062
3499	3501	0.15409
3502	3507	0.006135
3532	3533	0.14346
3533	3535	0.44086
3536	3547	0.67942
3543	3551	0.22685
3543	3570	0.2277
3547	3558	0.060329
3547	3567	0.079933
3549	3967	0.10746
3551	3570	0.0025972
3571	3573	0.0041717
3571	3575	0.0075589
3573	3575	0.0033872
3577	3583	0.16004
3578	3583	0.13247
3580	3585	0.046938
3582	3583	0.070379
3585	3594	0.045437
3585	3599	0.072444
3585	3971	0.15082
3594	3601	0.033352
3594	3603	0.039491
3594	3606	0.04923
3599	3603	0.012483
3601	3603	0.0061386
3601	3610	0.01962
3603	3606	0.0097399
3603	3971	0.065889
3604	3607	0.26323
3605	3616	0.027569
3605	3618	0.18846
3605	3620	0.0088032
3605	3623	0.0086511
3605	3625	0.055073
3605	3629	0.0080336
3606	3970	0.061667
3607	3654	0.01513
3608	3614	0.077258
3608	3615	0.010569
3608	3616	0.047506
3608	3617	0.011105
3608	3619	0.05098
3608	3630	0.053708
3609	3611	0.0035046
3610	3971	0.052408
3613	3614	0.0075647
3613	3615	0.080153
3613	3617	0.080684
3613	3619	0.12056
3613	3624	0.076683
3613	3634	0.02087
3614	3617	0.088246
3614	3634	0.028295
3615	3620	0.0011094
3615	3624	0.15683
3615	3629	0.015581
3616	3619	0.0034825
3616	3623	0.035701
3616	3630	0.0062816
3617	3619	0.039905
3617	3623	0.00073839
3618	3621	0.092517
3618	3629	0.18114
3619	3621	0.073352
3619	3629	0.025323
3619	3630	0.0028363
3620	3623	0.00016468
3620	3624	0.15793
3621	3634	0.17102
3622	3654	0.0064389
3623	3624	0.15809
3623	3625	0.063308
3623	3629	0.014316
3625	3634	0.12425
3628	3636	0.0036029
3628	3637	0.24078
3628	3649	0.24037
3628	3653	0.00905
3629	3630	0.027937
3630	3634	0.10273
3636	3653	0.0054471
3637	3649	0.0019124
3656	3657	0.40275
3659	3671	0.004478
3666	3683	0.023407
3666	5773	0.024545
3673	3680	0.0012783
3673	5771	0.018172
3673	5773	0.010516
3679	3682	0.098031
3680	5770	0.013217
3680	5771	0.016894
3680	5772	0.017713
3680	5773	0.0092382
3683	5769	0.0032124
3683	5770	0.0051169
3686	5775	0.0032801
3686	5777	0.020138
3706	3707	0.18856
3706	3716	0.0037826
3708	3709	0.0029863
3710	3714	0.00074702
3733	3738	0.0014453
3749	3754	0.0015996
3756	3757	0.03013
3756	3762	0.056585
3756	3763	0.056919
3760	3763	0.0026186
3760	3764	0.12172
3760	3779	0.22218
3763	3764	0.11934
3764	3779	0.10046
3764	3784	0.10124
3765	3768	0.026823
3765	3778	0.10207
3766	3776	0.05693
3766	3784	0.058411
3768	3778	0.075251
3770	3776	0.002035
3770	3779	0.0027982
3770	3784	0.0036445
3775	3778	0.02789
3776	3782	0.0010273
3778	3780	0.040607
3780	3783	0.071222
3782	3784	0.00058223
3788	5821	0.67271
3791	3799	0.06569
3791	3800	0.020908
3793	3799	0.048042
3794	3801	0.0049648
3794	5785	0.0062245
3799	5784	0.043154
3800	5784	0.0018382
3801	5785	0.0012597
3801	5819	0.0036433
3804	3805	0.23925
3804	5841	0.035835
3804	5842	0.03745
3804	5843	0.037993
3806	5841	0.0053518
3806	5842	0.0076313
3806	5843	0.008377
3812	3819	0.0021502
3815	3818	0.0026351
3818	3820	0.00020017
3821	3826	0.0020407
3827	3831	0.0021554
3832	3847	0.0023638
3835	3840	0.0088271
3843	3879	0.014273
3846	3856	0.0044398
3846	3865	0.0056491
3856	3857	0.00047426
3856	3865	0.0012092
3856	3871	0.0053391
3856	3872	0.0052965
3857	3865	0.00073495
3857	3871	0.0048649
3863	3874	0.0048529
3863	3879	0.0061619
3863	3885	0.0067711
3865	3869	0.0033662
3865	3871	0.0041299
3865	3872	0.0040873
3865	3873	0.0044669
3866	3877	0.0041603
3866	3881	0.0047773
3869	3873	0.0011008
3871	3873	0.00033703
3872	3873	0.00037965
3874	3879	0.001309
3874	3885	0.0019182
3877	3883	0.00072118
3877	3886	0.0011984
3879	3885	0.00060921
3881	3883	0.00010411
3893	3897	0.0032419
3893	3900	0.0038118
3897	3899	0.0004863
3909	3916	0.0049341
3909	3920	0.010151
3909	3923	0.010446
3909	3924	0.010744
3909	4338	0.011035
3909	4339	0.010925
3911	3919	0.0019207
3912	5766	0.006178
3919	3921	0.00013139
3922	4334	0.0022085
3923	4339	0.00047894
3924	4338	0.00029098
3947	3950	0.28022
3955	3957	0.1356
3958	3959	0.097681
3964	3965	0.00075728
3968	3969	0.014092
3974	3975	0.097614
3975	3976	0.077159
3975	3978	0.29359
3977	3978	0.011797
3980	3981	0.12567
3982	3984	0.010739
3983	3985	0.010025
3984	3985	0.0043629
3986	3987	0.00073151
3986	3988	0.00079127
3987	3988	5.9757e-05
3987	3989	0.0046756
3993	3994	0.0029519
4005	4006	0.031584
4006	4013	0.13919
4007	4015	0.013401
4009	4010	0.027314
4014	4015	1.1578e-05
4017	4020	0.092018
4019	4024	0.10772
4022	4033	0.074055
4024	4032	0.019587
4026	4033	0.01279
4028	4029	0.059051
4030	4036	0.012238
4032	4036	0.0049301
4047	4059	0.1236
4048	4055	0.11134
4048	4063	0.19589
4048	4088	0.38451
4049	4082	0.065723
4052	4080	0.02557
4053	4055	0.19093
4053	4059	0.16033
4053	4094	0.18389
4057	4086	0.018323
4058	4064	0.12731
4058	4086	0.11659
4058	4091	0.11609
4058	4092	0.050467
4058	4107	0.64587
4059	4069	0.0033651
4059	4073	0.0039299
4060	4073	0.23688
4060	4094	0.076314
4060	4096	0.12061
4062	4070	0.00089084
4063	4073	0.035286
4063	4094	0.27746
4064	4092	0.15392
4065	4083	0.011135
4065	4085	0.011646
4066	4082	0.0078459
4066	4086	0.0092091
4069	4073	0.00056476
4074	4096	0.016934
4075	4092	0.05051
4077	4080	0.0025804
4080	4085	0.00088405
4086	4092	0.10151
4087	4100	0.0041759
4087	4101	0.07468
4087	4137	0.12427
4087	4148	0.11791
4088	4094	0.076792
4089	4098	0.055331
4089	4106	0.060372
4089	4107	0.093463
4089	4139	0.12823
4089	4141	0.12978
4089	4146	0.11128
4089	4150	0.10472
4097	4099	0.21601
4098	4100	0.056949
4098	4108	0.0053994
4098	4137	0.06314
4098	4146	0.055946
4098	4148	0.056783
4098	4150	0.049391
4099	4104	0.10516
4100	4134	0.13219
4100	4140	0.13092
4100	4147	0.11169
4100	4148	0.11373
4101	4106	0.0085154
4101	4108	0.0081564
4101	4140	0.060412
4101	4141	0.060888
4101	4146	0.04239
4101	4148	0.043227
4101	4149	0.043688
4101	4150	0.035835
4106	4107	0.033091
4106	4149	0.052203
4107	4108	0.032732
4107	4134	0.037112
4107	4135	0.035036
4107	4139	0.034766
4107	4141	0.036313
4107	4147	0.016614
4107	4148	0.018652
4108	4136	0.067024
4108	4137	0.057741
4108	4141	0.069045
4108	4146	0.050547
4108	4148	0.051384
4108	4149	0.051844
4108	4150	0.043992
4116	4117	0.0042127
4123	4124	0.0013532
4123	4128	0.00058985
4123	4129	0.0013624
4123	4131	0.010644
4124	4125	0.00054076
4124	4126	0.00068184
4124	4128	0.00076331
4124	4129	9.3502e-06
4124	4131	0.009291
4124	4132	0.0097083
4125	4126	0.00014108
4125	4128	0.0013041
4125	4132	0.0091675
4125	4133	0.0093378
4126	4127	0.016695
4126	4128	0.0014451
4126	4133	0.0091967
4127	4130	0.023564
4128	4133	0.010642
4129	4130	0.0075418
4129	4131	0.0092818
4130	4131	0.00174
4130	4133	0.0023276
4131	4132	0.00041733
4131	4133	0.00058756
4134	4138	0.0044006
4134	4139	0.0023463
4134	4141	0.00079889
4134	4147	0.020498
4134	4149	0.018
4135	4136	0.00074419
4135	4137	0.010027
4135	4139	0.00027048
4135	4141	0.0012769
4135	4146	0.017221
4135	4150	0.023776
4136	4139	0.00047372
4136	4141	0.0020211
4136	4146	0.016477
4136	4147	0.017678
4136	4148	0.01564
4137	4138	0.0077021
4137	4139	0.0097564
4137	4140	0.010827
4137	4146	0.0071944
4137	4149	0.0058969
4137	4150	0.013749
4138	4149	0.013599
4138	4150	0.021451
4139	4141	0.0015474
4139	4147	0.018152
4139	4150	0.023506
4140	4147	0.019223
4140	4150	0.024577
4141	4146	0.018498
4141	4147	0.019699
4141	4148	0.017661
4141	4149	0.017201
4142	4143	0.00065883
4142	4144	0.00098824
4143	4144	0.00032942
4146	4147	0.0012011
4146	4149	0.0012975
4147	4148	0.0020382
4148	4149	0.00046038
4148	4150	0.007392
4152	4161	0.060525
4153	4155	0.070459
4153	4161	0.11593
4154	4158	0.0482
4156	4159	0.0076369
4157	4160	0.088436
4158	4161	0.059959
4166	4170	0.014216
4167	4169	0.006029
4167	4170	0.0060518
4169	4170	2.2732e-05
4171	4175	0.067546
4171	4177	0.070623
4173	4175	0.030991
4173	4177	0.034069
4173	4181	0.038523
4175	4177	0.0030776
4175	4178	0.0040226
4175	4180	0.007523
4177	4178	0.00094499
4179	4180	0.0019505
4179	4181	0.001959
4187	4188	0.36784
4189	4193	0.13851
4190	4191	0.011109
4190	4193	0.063702
4191	4195	0.11
4191	4198	0.1314
4191	4225	0.26658
4193	4222	0.17487
4195	4208	0.087652
4197	4199	0.058699
4200	4207	0.077238
4200	4216	0.11288
4202	4211	0.070858
4202	4216	0.081811
4203	4206	0.034297
4203	4210	0.090364
4203	4213	0.11592
4203	4219	0.12599
4204	4206	0.02196
4204	4213	0.10358
4205	4218	0.044904
4206	4221	0.099704
4207	4214	0.033964
4208	4222	0.041278
4210	4213	0.025556
4210	4219	0.035623
4210	4221	0.043636
4211	4216	0.010953
4213	4219	0.010067
4213	4221	0.01808
4214	4216	0.0016738
4220	4221	0.0022312
4233	4236	0.037403
4238	4248	0.02523
4238	4254	0.032454
4238	4264	0.034835
4238	4265	0.032807
4241	4243	0.0053824
4241	4251	0.015785
4241	4253	0.011818
4241	4254	0.018118
4241	4258	0.020051
4241	4260	0.01816
4241	4264	0.0205
4241	4265	0.018472
4241	4267	0.019318
4243	4245	0.0025345
4243	4248	0.005512
4243	4250	0.0058724
4243	4251	0.010403
4243	4252	0.006145
4243	4258	0.014668
4243	4260	0.012777
4245	4248	0.0029775
4245	4250	0.0033379
4245	4251	0.0078681
4245	4265	0.010555
4245	4267	0.011401
4248	4250	0.0003604
4248	4252	0.00063301
4248	4253	0.00092381
4248	4260	0.0072654
4248	4261	0.0095229
4248	4265	0.0075773
4248	4267	0.0084238
4250	4251	0.0045301
4250	4254	0.0068634
4250	4258	0.0087961
4250	4260	0.006905
4250	4264	0.009245
4251	4253	0.0039667
4251	4258	0.0042659
4251	4260	0.0023748
4251	4265	0.0026868
4252	4253	0.0002908
4252	4254	0.0065907
4252	4261	0.0088899
4252	4265	0.0069443
4253	4254	0.0062999
4253	4260	0.0063416
4254	4264	0.0023816
4254	4265	0.00035356
4258	4265	0.0015792
4260	4264	0.00234
4260	4267	0.0011584
4261	4264	8.2409e-05
4262	4268	0.00084422
4264	4265	0.002028
4264	4267	0.0011816
4276	4278	0.0013037
4276	4284	0.0057412
4276	4288	0.006924
4278	4284	0.0044375
4278	4288	0.0056203
4280	4281	0.0016212
4280	4291	0.006377
4280	4292	0.006523
4289	4297	0.0071314
4289	4300	0.0076293
4294	4298	0.004675
4296	4307	0.0095632
4296	4310	0.010074
4297	4298	0.00041994
4299	4310	0.0070493
4302	4307	0.0032098
4303	4315	0.020053
4304	4305	0.0013546
4304	4307	0.0010083
4305	4307	0.0023629
4306	4322	0.0091664
4308	4312	0.0052457
4308	4316	0.011278
4308	4324	0.015164
4308	4325	0.01461
4308	4327	0.015484
4309	4326	0.010512
4309	4330	0.010907
4311	4322	0.0057975
4312	4315	0.0048115
4312	4319	0.0083004
4312	4327	0.010238
4313	4320	0.0017124
4314	4315	0.0021124
4314	4319	0.0056012
4315	4319	0.0034888
4315	4324	0.0051068
4315	4327	0.0054263
4316	4319	0.0022682
4316	4324	0.0038861
4317	4322	0.0020406
4317	4329	0.0025416
4319	4325	0.0010641
4321	4323	0.00075917
4322	4329	0.000501
4323	4330	0.0010199
4324	4325	0.00055382
4325	4327	0.00087336
4326	4330	0.00039517
4338	4339	0.00011027
4349	4351	0.0022383
4349	4352	0.0013254
4350	4351	0.0031334
4356	4358	0.0014822
4357	4358	0.0010268
4370	4373	0.0076279
4371	4373	0.00084562
4382	4386	0.014449
4385	4403	0.024362
4385	4439	0.052485
4393	4404	0.004341
4395	4402	0.29835
4396	4400	0.059846
4397	4399	0.16144
4398	4401	0.0016225
4403	4439	0.028124
4406	4408	0.070528
4407	4414	0.20547
4409	4419	0.16618
4409	4422	0.0049973
4410	4415	0.010589
4410	4423	0.013381
4410	4432	0.015952
4412	4426	0.030176
4415	4438	0.0054743
4417	4433	0.0058689
4418	4424	0.002627
4421	4431	0.025674
4423	4428	0.0017421
4423	4432	0.0025714
4423	4438	0.0026823
4424	4439	0.0034154
4428	4432	0.00082925
4428	4438	0.00094016
4430	4437	0.0016356
4432	4438	0.00011092
4437	4443	0.091438
4457	4465	0.0013806
4459	4474	0.045114
4459	4703	0.056037
4459	4709	0.043865
4459	4710	0.045364
4459	4855	0.057109
4459	4856	0.058231
4459	4858	0.058711
4462	4709	0.22378
4462	4711	0.22285
4462	4858	0.21712
4468	4470	0.0016793
4471	4474	0.01045
4471	4711	0.011174
4471	4855	0.022444
4471	4858	0.024047
4471	4859	0.013661
4474	4702	0.0099256
4474	4703	0.010923
4474	4709	0.0012497
4474	4712	0.00095324
4474	4855	0.011994
4474	4859	0.0032113
4477	4480	0.003821
4478	4479	0.0035253
4478	4480	0.0054866
4478	4481	0.006014
4479	4480	0.0019612
4479	4481	0.0024887
4480	4482	9.6893e-05
4481	4482	0.00043055
4481	4658	0.22294
4482	4658	0.22298
4486	4487	0.0010101
4489	4491	0.066432
4490	4493	0.0028871
4490	4509	0.011857
4492	4497	0.0037969
4492	4498	0.15763
4493	4509	0.00897
4497	4498	0.15874
4497	4501	0.0027728
4499	4502	0.13217
4503	4508	0.0052293
4505	4508	0.0012646
4514	4516	0.0064163
4514	4518	0.0071638
4516	4519	0.00084935
4516	4520	0.0015386
4517	4518	0.073586
4518	4520	0.00079116
4529	4538	0.0092269
4531	4549	0.010382
4531	4561	0.017236
4534	4536	0.0013692
4534	4538	0.0016076
4534	4541	0.002383
4536	4538	0.00023838
4536	4541	0.0010138
4538	4541	0.00077537
4539	4548	0.0066294
4539	4549	0.0016639
4539	4554	0.0078025
4539	4561	0.0085183
4541	4554	0.41037
4546	4555	0.00085527
4548	4554	0.0011731
4548	4561	0.0018889
4549	4554	0.0061386
4549	4562	0.0068116
4551	4565	0.0096865
4551	4568	0.011566
4551	4570	0.01223
4552	4556	0.0010358
4553	4567	0.17529
4553	4568	0.17523
4553	4571	0.0087702
4554	4561	0.00071578
4554	4562	0.00067299
4556	4560	0.00083753
4560	4562	0.48547
4566	4567	0.17706
4566	4569	0.0013229
4567	4568	0.00024654
4567	4570	0.00091034
4568	4569	0.17735
4568	4570	0.00066381
4569	4570	0.17718
4569	4571	0.00023756
4573	4574	0.0012851
4573	4575	0.0020974
4573	4577	0.0043553
4574	4575	0.00081233
4584	4586	0.47981
4585	4588	0.0025195
4586	4601	0.031595
4589	4594	0.0026342
4594	4596	0.011947
4594	4600	0.013356
4594	4602	0.014039
4595	4599	0.0013985
4616	4617	0.12071
4628	4629	0.003734
4629	4630	0.00099228
4633	4634	0.00037277
4634	4635	0.0030722
4637	4638	0.001133
4640	4641	0.0022718
4642	4643	0.023172
4645	4648	0.0074582
4645	4650	0.0081401
4646	4648	0.21598
4648	4649	0.00051027
4659	4660	0.003769
4659	4661	0.0052357
4659	4663	0.0076843
4659	4665	0.0089126
4660	4663	0.0039153
4661	4663	0.0024486
4661	4665	0.0036769
4666	4668	0.01392
4666	4670	0.012975
4666	4671	0.017292
4667	4669	0.0034864
4668	4671	0.0033715
4668	4672	0.0042282
4669	4671	0.0052464
4670	4671	0.0043162
4670	4672	0.0051729
4673	4674	0.0066927
4674	4675	0.00070505
4674	4676	0.01178
4675	4676	0.011075
4675	4677	0.012927
4676	4677	0.0018528
4684	4686	0.0019495
4684	4687	0.0032437
4684	4690	0.029826
4684	4691	0.072935
4685	4686	0.00055618
4685	4687	0.0018504
4685	4689	0.03645
4685	4691	0.074328
4686	4687	0.0012942
4686	4689	0.037006
4686	4691	0.074884
4686	4692	0.065231
4688	4689	0.018403
4688	4690	0.013172
4688	4692	0.046628
4689	4690	0.0052308
4689	4692	0.028225
4690	4691	0.043109
4690	4692	0.033456
4691	4692	0.0096529
4692	4693	0.0010112
4696	4698	0.011708
4697	4698	0.0067672
4702	4709	0.011175
4702	4710	0.0096758
4702	4855	0.0020686
4702	4856	0.003191
4702	4857	0.0031287
4702	4858	0.0036714
4703	4704	0.00023343
4703	4709	0.012173
4703	4712	0.0099698
4703	4856	0.0021936
4703	4857	0.0021313
4703	4858	0.0026741
4704	4709	0.012406
4704	4710	0.010907
4704	4712	0.010203
4704	4856	0.0019602
4704	4859	0.0079451
4705	4711	0.010936
4705	4855	0.00033357
4705	4857	0.0013936
4706	4707	0.00052852
4709	4710	0.0014995
4709	4855	0.013244
4709	4856	0.014366
4710	4711	0.0004744
4710	4712	0.00070344
4710	4859	0.0029615
4711	4855	0.01127
4711	4858	0.012873
4711	4859	0.0024871
4712	4855	0.011041
4712	4859	0.0022581
4718	4719	0.066371
4733	4734	0.22117
4740	4742	0.036285
4741	4742	0.01912
4741	4743	0.027698
4741	4744	0.037516
4742	4744	0.0184
4742	4747	0.16415
4743	4744	0.0098214
4743	4747	0.16016
4744	4745	0.040526
4744	4747	0.15613
4754	4761	0.015133
4757	4759	0.28206
4758	4766	0.18513
4759	4763	0.18776
4759	4772	0.077188
4762	4765	0.00036173
4763	4779	0.15067
4767	4780	0.012003
4768	4771	0.072284
4770	4778	0.386
4778	4780	0.0009743
4781	4797	0.15739
4782	4784	0.0081184
4782	4787	0.019638
4782	4791	0.021926
4782	4795	0.025877
4784	4787	0.01152
4786	4795	0.18102
4787	4791	0.0022875
4789	4796	0.0045923
4794	4795	0.0022875
4801	4802	0.00072317
4802	4803	0.00038361
4805	4825	0.0061141
4807	4811	0.23465
4810	4815	0.0050661
4810	5563	0.233
4812	4821	0.020137
4813	5646	0.18454
4814	4817	0.0015592
4816	4817	9.666e-05
4818	4821	0.10477
4826	5684	0.33539
4830	5496	0.010733
4834	4835	0.0049827
4834	4837	0.025232
4834	4840	0.097549
4834	4841	0.078461
4835	4840	0.093307
4836	4837	0.0070341
4837	4839	0.081038
4837	4840	0.076503
4837	4841	0.060567
4838	4841	0.056393
4839	4840	0.0058155
4840	4841	0.023305
4842	4843	0.0040536
4842	4844	0.011064
4842	4845	0.0086668
4842	4846	0.006968
4843	4844	0.0070099
4843	4845	0.0046133
4843	4846	0.011022
4845	4846	0.015635
4848	4850	0.0014979
4848	4851	0.0021197
4855	4856	0.0011224
4856	4857	6.2306e-05
4856	4858	0.00048043
4857	4858	0.00054273
4857	4859	0.009843
4858	4859	0.010386
4864	4865	0.0054269
4865	4866	0.0035668
4865	4867	0.0078796
4865	4868	0.0089161
4871	4872	0.17361
4902	4905	0.018782
4902	4907	0.026147
4902	4912	0.041188
4904	4905	0.0038867
4904	4907	0.011251
4904	4908	0.018076
4904	4910	0.022414
4905	4906	0.0028187
4905	4907	0.0073644
4905	4908	0.014189
4906	4907	0.0045457
4906	4908	0.011371
4906	4910	0.015709
4906	4911	0.018329
4907	4911	0.013783
4908	4910	0.0043385
4908	4911	0.006958
4910	4911	0.0026195
4911	4912	0.0012582
4917	4922	0.1678
4919	4921	0.019486
4919	4922	0.15178
4926	4927	0.00064578
4926	4928	0.020566
4926	4929	0.023903
4926	4930	0.02448
4927	4930	0.023834
4936	4938	0.076521
4939	4940	0.05118
4958	4960	0.00089555
4959	4960	0.00020174
4966	4969	0.008511
4969	4971	0.0028812
4969	4972	0.0023823
4972	4973	0.001806
4981	4985	0.12044
4981	4988	0.12057
4982	4988	0.0091328
4985	4988	0.00064361
4987	4988	0.00025295
4992	4997	0.0052528
4992	4999	0.005576
4995	5007	0.013502
4995	5010	0.014755
4995	5011	0.014751
4995	5014	0.015527
5002	5005	0.1257
5002	5016	0.1337
5003	5017	0.0064796
5004	5012	0.0041689
5004	5024	0.0061666
5005	5016	0.008026
5006	5024	0.0044751
5007	5011	0.0012488
5007	5014	0.0020243
5010	5011	3.9662e-06
5012	5024	0.0019977
5015	5026	0.16869
5018	5031	0.0072753
5018	5033	0.0081846
5018	5038	0.0090043
5020	5035	0.031661
5027	5043	0.0042562
5031	5033	0.0009093
5031	5034	0.00096733
5033	5034	5.8029e-05
5033	5038	0.00081976
5034	5038	0.00076173
5037	5069	0.41056
5040	5053	0.076765
5040	5057	0.10121
5046	5053	0.032436
5053	5057	0.024448
5053	5082	0.29799
5054	5073	0.24653
5054	5085	0.11657
5055	5074	0.0074771
5055	5080	0.0059672
5057	5069	0.12074
5059	5071	0.32176
5059	5074	0.0043112
5059	5080	0.0028013
5059	5095	0.0069156
5061	5075	0.0077659
5065	5090	0.0054137
5066	5067	0.14883
5069	5082	0.15286
5072	5096	0.23098
5074	5095	0.0026044
5079	5096	0.033449
5079	5444	0.086884
5087	5709	0.0055844
5087	5711	0.0037434
5088	5093	0.00058022
5096	5444	0.053483
5111	5118	0.002629
5115	5117	0.12642
5118	5125	0.0014067
5132	5154	0.0068377
5134	5196	0.0036441
5135	5165	0.0058524
5135	5174	0.0095287
5136	5148	0.00079558
5139	5164	0.12533
5139	5193	0.12486
5140	5169	0.011035
5140	5183	0.012291
5140	5199	0.016985
5141	5213	0.16174
5141	5674	0.16277
5143	5154	0.0012763
5146	5163	0.0033778
5146	5165	0.00090451
5146	5171	0.004365
5150	5156	0.00057005
5153	5164	0.0046782
5153	5169	0.0051952
5153	5183	0.0064505
5153	5186	0.0066616
5153	5190	0.0094484
5153	5193	0.010218
5153	5199	0.011145
5158	5173	0.0011361
5163	5165	0.0024733
5163	5171	0.00098715
5163	5174	0.001203
5163	5179	0.0013344
5164	5183	0.0017723
5164	5193	0.00554
5165	5171	0.0034605
5169	5183	0.0012553
5169	5186	0.0014665
5169	5190	0.0042532
5169	5199	0.0059498
5171	5174	0.00021586
5171	5179	0.00034726
5180	5213	0.0055435
5180	5674	0.006652
5183	5186	0.00021115
5183	5190	0.0029979
5185	5197	0.0011989
5186	5193	0.0035566
5190	5199	0.0016966
5192	5194	0.00029391
5193	5208	0.001228
5200	5203	0.00032938
5200	5209	0.0006704
5207	5215	0.0033719
5210	5215	0.1895
5215	5702	0.00056805
5215	5703	0.0012967
5215	5704	0.0012913
5221	5229	0.011873
5224	5238	0.010638
5224	5245	0.011881
5224	5246	0.011979
5225	5228	0.001224
5225	5246	0.0078449
5226	5229	0.00075329
5226	5233	0.0016828
5227	5235	0.0061018
5227	5239	0.007834
5227	5240	0.0080947
5227	5242	0.0082705
5228	5238	0.0052801
5229	5231	0.00037023
5229	5233	0.0009295
5231	5233	0.00055927
5232	5234	0.0090889
5232	5248	0.03674
5232	5249	0.046247
5232	5255	0.050577
5232	5261	0.04737
5232	5262	0.051497
5232	5265	0.05175
5232	5267	0.048174
5234	5236	0.0079251
5234	5258	0.04204
5234	5261	0.038281
5234	5265	0.042661
5234	5269	0.039075
5234	5272	0.042334
5234	5275	0.042568
5235	5239	0.0017322
5236	5257	0.029972
5236	5269	0.03115
5237	5255	0.029438
5237	5257	0.025847
5237	5258	0.02999
5237	5265	0.030611
5237	5267	0.027035
5237	5269	0.027025
5238	5245	0.0012433
5238	5246	0.0013408
5239	5242	0.00043654
5241	5268	0.21185
5245	5246	9.7548e-05
5247	5268	0.0034413
5248	5249	0.009507
5248	5257	0.010245
5248	5258	0.014389
5248	5261	0.010629
5248	5262	0.014757
5248	5265	0.01501
5248	5272	0.014683
5248	5275	0.014917
5249	5265	0.0055028
5249	5267	0.0019269
5249	5275	0.0054095
5250	5266	0.035422
5251	5260	0.164
5251	5291	0.0046506
5254	5273	0.003301
5255	5257	0.0035912
5255	5258	0.00055212
5255	5261	0.0032073
5255	5262	0.00092016
5255	5265	0.0011732
5255	5269	0.002413
5255	5275	0.0010799
5256	5264	0.28974
5257	5265	0.0047644
5257	5267	0.0011885
5258	5262	0.00036805
5258	5267	0.0029549
5261	5262	0.0041274
5261	5265	0.0043805
5261	5267	0.0008045
5261	5269	0.00079426
5261	5272	0.0040532
5261	5275	0.0042872
5262	5269	0.0033332
5263	5297	0.061041
5263	5299	0.049102
5263	5310	0.068674
5263	5312	0.069004
5263	5313	0.06341
5263	5332	0.080881
5265	5272	0.00032726
5265	5275	9.3302e-05
5267	5269	1.024e-05
5269	5272	0.0032589
5269	5275	0.0034929
5273	5277	0.00040294
5274	5276	0.13827
5276	5282	0.0021076
5279	5285	0.0037412
5282	5285	0.21183
5284	5297	0.014212
5284	5306	0.021365
5284	5310	0.021845
5284	5312	0.022175
5284	5316	0.03308
5284	5319	0.031775
5284	5322	0.034137
5284	5325	0.034924
5284	5327	0.032896
5290	5297	0.0074758
5290	5299	0.0044632
5290	5301	0.01825
5290	5310	0.015109
5290	5325	0.028189
5292	5298	0.0019045
5293	5307	0.0019788
5294	5300	0.10773
5296	5300	0.31093
5297	5301	0.010774
5297	5306	0.0071535
5297	5316	0.018868
5297	5322	0.019925
5297	5325	0.020713
5297	5332	0.019841
5299	5301	0.022713
5299	5310	0.019572
5299	5325	0.032652
5299	5326	0.021299
5301	5306	0.0036207
5301	5313	0.0084046
5301	5319	0.0067889
5301	5322	0.0091513
5301	5325	0.0099388
5301	5326	0.0014139
5302	5328	0.0036973
5305	5308	0.17376
5306	5310	0.00047961
5306	5313	0.0047839
5306	5316	0.011715
5306	5319	0.01041
5306	5320	0.012632
5306	5322	0.012772
5306	5326	0.0022068
5306	5332	0.012687
5310	5313	0.0052635
5310	5319	0.00993
5310	5320	0.012152
5310	5325	0.01308
5310	5332	0.012208
5312	5316	0.010905
5312	5320	0.011822
5312	5322	0.011962
5312	5325	0.012749
5313	5316	0.016499
5313	5319	0.015194
5313	5320	0.017416
5313	5326	0.0069907
5313	5327	0.016315
5313	5332	0.017471
5316	5319	0.0013051
5316	5320	0.00091732
5316	5325	0.0018448
5316	5332	0.00097256
5317	5324	0.014244
5319	5320	0.0022224
5319	5322	0.0023624
5319	5327	0.0011219
5320	5325	0.00092743
5320	5326	0.010425
5320	5327	0.0011006
5320	5332	5.5249e-05
5322	5325	0.00078748
5322	5326	0.010565
5322	5327	0.0012405
5322	5332	8.4702e-05
5326	5332	0.01048
5327	5332	0.0011558
5331	5987	0.308
5334	5987	0.0046218
5334	5988	0.0038709
5348	5352	0.18271
5361	5367	0.06816
5362	5365	0.007218
5362	5440	0.086238
5363	5365	0.02797
5365	5379	0.035681
5365	5404	0.056521
5365	5448	0.08087
5370	5372	0.0095817
5370	5378	0.026706
5370	5655	0.068231
5370	5656	0.090796
5370	5715	0.068001
5372	5406	0.21436
5372	5439	0.13903
5372	5656	0.083191
5372	5715	0.058419
5373	5382	0.10654
5374	5378	0.16302
5374	5439	0.020973
5374	5654	0.096171
5374	5715	0.20312
5375	5395	0.27758
5378	5393	0.010418
5378	5654	0.081775
5379	5404	0.020841
5384	5396	0.30885
5385	5388	0.021633
5387	5395	0.18209
5387	5399	0.1323
5389	5390	0.011673
5389	5414	0.17781
5389	5654	0.20436
5390	5439	0.1327
5390	5655	0.29516
5392	5402	0.010654
5393	5654	0.090004
5393	5655	0.053111
5393	5656	0.064337
5393	5715	0.030876
5397	5413	0.5711
5399	5409	0.24214
5400	5409	0.032511
5402	5409	0.12295
5405	5412	0.11643
5405	5413	0.059559
5406	5414	0.21959
5406	5427	0.044296
5408	5670	0.061753
5408	5671	0.060065
5409	5421	0.1875
5410	5569	0.089087
5410	5570	0.062389
5412	5422	0.30972
5413	5415	0.13951
5413	5421	0.12992
5415	5421	0.010267
5415	5426	0.014607
5416	5430	0.0077721
5417	5428	0.010542
5417	5442	0.027205
5417	5671	0.046464
5419	5443	0.015423
5419	5567	0.02637
5420	5423	0.010188
5420	5444	0.13582
5421	5426	0.0043399
5430	5436	0.0024728
5438	5441	0.0018415
5439	5654	0.08326
5439	5655	0.16246
5439	5715	0.19438
5440	5448	0.0018493
5442	5670	0.020947
5442	5671	0.019259
5445	5452	0.0052876
5445	5990	0.0060067
5450	5920	0.018554
5450	5922	0.02507
5472	5477	0.0089523
5473	5481	0.017714
5479	5484	0.011372
5479	5489	0.016667
5479	5490	0.017021
5480	5494	0.05555
5480	5496	0.35314
5482	5485	0.001154
5484	5490	0.0056484
5486	5493	0.23124
5487	5488	0.00085675
5489	5490	0.00035341
5497	5499	0.16367
5501	5502	0.083874
5501	5503	0.0032841
5501	5508	0.0049425
5502	5503	0.085572
5502	5504	0.022982
5502	5505	0.085793
5502	5507	0.086258
5503	5504	0.1002
5503	5508	0.0016583
5504	5505	0.10049
5504	5506	0.022726
5504	5507	0.10108
5506	5507	0.11833
5506	5508	0.11863
5511	5514	0.0060081
5511	5518	0.011263
5514	5525	0.0081784
5515	5517	0.0021722
5518	5525	0.0029241
5520	5524	0.017021
5520	5527	0.019206
5520	5531	0.024293
5520	5534	0.025614
5520	5535	0.025748
5520	5537	0.023199
5524	5527	0.0021851
5524	5531	0.0072721
5527	5529	0.0022154
5527	5536	0.0034047
5529	5532	0.0036821
5529	5535	0.0043271
5529	5536	0.0011893
5529	5537	0.0017781
5531	5532	0.00081035
5531	5534	0.0013206
5531	5535	0.0014554
5531	5536	0.0016824
5531	5537	0.0010936
5532	5534	0.00051028
5532	5537	0.001904
5534	5535	0.00013476
5534	5536	0.003003
5535	5537	0.002549
5536	5537	0.00058879
5540	5541	0.0009037
5555	5556	0.00044636
5558	5642	0.00026189
5559	5560	0.0029678
5559	5561	0.15325
5562	5563	0.079779
5565	5566	0.13319
5568	5570	0.026978
5571	5573	0.0035383
5576	5580	0.0060094
5576	5584	0.0074344
5580	5582	0.0010874
5580	5584	0.001425
5581	5595	0.012725
5582	5584	0.00033762
5582	5585	0.0012096
5588	5598	0.019773
5589	5593	0.0034645
5591	5593	0.00090696
5593	5595	0.00029933
5599	5606	0.0021111
5619	5620	0.23061
5620	5624	0.0019986
5632	5634	0.22558
5644	5645	0.0024653
5650	5653	0.013887
5655	5656	0.030574
5655	5657	0.040925
5656	5657	0.010351
5672	5673	0.0019069
5681	5682	0.045367
5690	5691	0.0037535
5690	5692	0.0095126
5690	5694	0.022262
5690	5699	0.031271
5691	5692	0.0057591
5691	5694	0.018508
5691	5696	0.024809
5691	5697	0.02604
5692	5694	0.012749
5692	5696	0.01905
5692	5697	0.020281
5692	5699	0.021758
5693	5694	0.0023456
5693	5699	0.011355
5694	5699	0.0090092
5695	5698	0.002938
5696	5697	0.0012315
5696	5699	0.0027087
5697	5699	0.0014773
5702	5704	0.00072326
5703	5704	5.407e-06
5703	5705	0.00090472
5704	5705	0.00089932
5706	5707	0.00024293
5706	5718	0.00015978
5707	5708	0.00044076
5707	5717	0.0029142
5707	5718	0.00040271
5708	5716	0.0030954
5708	5717	0.003355
5708	5718	0.00084347
5710	5711	0.00096053
5716	5717	0.00025953
5716	5718	0.002252
5727	5731	0.025105
5728	5731	0.00203
5730	5731	0.00014507
5733	5762	0.17659
5738	5743	0.013391
5744	5745	0.077099
5744	5752	0.082886
5744	5754	0.11839
5745	5748	0.021328
5745	5749	0.18657
5745	5750	0.078767
5745	5756	0.1732
5746	5747	0.022429
5746	5751	0.014653
5747	5751	0.035036
5747	5756	0.36846
5748	5750	0.057439
5748	5756	0.15187
5749	5751	0.0020989
5752	5753	0.032453
5752	5755	0.048366
5752	5758	0.057117
5753	5754	0.0096019
5753	5755	0.015913
5753	5757	0.022741
5754	5757	0.013139
5755	5756	0.0046533
5755	5757	0.0068279
5755	5758	0.0087511
5756	5757	0.0021746
5756	5758	0.0040978
5760	5761	0.0011505
5760	5762	0.0048822
5766	5768	0.0012538
5769	5771	0.0055815
5770	5773	0.0039789
5772	5773	0.0084751
5775	5776	0.00078335
5775	5777	0.022463
5775	5779	0.0084557
5775	5780	0.013811
5775	5781	0.014873
5775	5782	0.020186
5776	5777	0.023059
5776	5781	0.014097
5777	5779	0.029311
5777	5780	0.034024
5779	5780	0.0053552
5779	5782	0.01173
5780	5782	0.0063752
5781	5782	0.0053127
5786	5789	0.0018325
5786	5790	0.0035562
5787	5790	0.0048084
5797	5798	0.0011027
5797	5799	0.0025735
5797	5803	0.018965
5797	5807	0.010408
5797	5810	0.05942
5797	5811	0.062649
5797	5812	0.066136
5797	5813	0.071423
5798	5800	0.0035415
5798	5807	0.01151
5798	5811	0.063752
5798	5814	0.076961
5799	5801	0.0060481
5799	5802	0.010991
5799	5803	0.016392
5799	5806	0.003096
5799	5807	0.012981
5799	5810	0.061993
5799	5815	0.079523
5800	5802	0.0089199
5800	5803	0.014321
5800	5805	0.023958
5800	5806	0.0051666
5800	5809	0.044678
5800	5811	0.067294
5800	5817	0.089466
5801	5802	0.0049424
5801	5803	0.010344
5801	5805	0.01998
5801	5806	0.009144
5801	5807	0.019029
5801	5808	0.043297
5801	5810	0.068041
5801	5814	0.08448
5801	5816	0.091648
5801	5818	0.094063
5802	5804	0.011702
5802	5806	0.014086
5802	5807	0.023972
5802	5809	0.053598
5802	5813	0.084987
5802	5814	0.089422
5803	5804	0.0063009
5803	5805	0.0096368
5803	5806	0.019488
5803	5810	0.078385
5803	5811	0.081615
5803	5813	0.090388
5803	5814	0.094824
5803	5816	0.10199
5804	5805	0.0033359
5804	5807	0.035674
5804	5808	0.059941
5804	5809	0.0653
5804	5810	0.084686
5804	5815	0.10222
5804	5817	0.11009
5804	5818	0.11071
5805	5812	0.094738
5805	5815	0.10555
5805	5816	0.11163
5806	5808	0.034153
5806	5810	0.058897
5806	5812	0.065613
5806	5816	0.082504
5807	5809	0.029627
5807	5811	0.052242
5807	5813	0.061015
5807	5814	0.065451
5808	5811	0.027974
5808	5814	0.041183
5808	5815	0.042275
5808	5817	0.050146
5809	5815	0.036915
5809	5818	0.045407
5810	5812	0.006716
5810	5814	0.016439
5811	5812	0.0034862
5811	5813	0.0087737
5811	5816	0.020377
5812	5814	0.0097229
5812	5815	0.010814
5812	5816	0.016891
5812	5817	0.018686
5813	5814	0.0044354
5813	5815	0.0055266
5813	5816	0.011604
5814	5818	0.009583
5815	5816	0.0060769
5816	5817	0.0017948
5821	5837	0.05765
5822	5824	0.0028384
5824	5825	0.0062532
5827	5828	0.0061267
5827	5830	0.015362
5827	5835	0.037177
5828	5829	0.0053252
5828	5831	0.029071
5828	5833	0.01863
5828	5834	0.025982
5828	5835	0.031051
5829	5835	0.025725
5830	5831	0.038307
5830	5833	0.0093952
5833	5834	0.0073518
5834	5835	0.0050686
5839	5840	0.001128
5841	5842	0.0022795
5847	5848	0.10423
5856	5857	0.078869
5862	5863	0.007668
5862	5864	0.010399
5863	5864	0.0027314
5865	5866	0.00032822
5865	5903	0.0056529
5866	5902	0.0054393
5866	5903	0.0059811
5866	5904	0.0063266
5867	5871	0.0082446
5868	5869	0.0077161
5868	5870	0.0087651
5868	5871	0.0094032
5868	5872	0.0094837
5869	5870	0.001049
5870	5872	0.00071856
5871	5872	8.0452e-05
5872	5873	0.00074381
5874	5876	0.0010563
5876	5878	0.0081547
5877	5879	0.048546
5881	5882	0.00032949
5883	5884	0.0029051
5895	5896	0.00107
5899	5900	0.0017242
5902	5905	0.0010588
5906	5907	0.00037877
5907	5908	0.00018659
5915	5916	0.00023513
5917	5921	0.0056123
5918	5920	0.014094
5918	5921	0.0043352
5919	5920	0.019529
5919	5921	0.0097703
5919	5922	0.013013
5920	5921	0.0097585
5920	5922	0.0065162
5921	5922	0.0032423
5923	5925	0.048622
5923	5926	0.030091
5923	5927	0.056063
5923	5929	0.059683
5923	5933	0.0748
5923	5934	0.07083
5923	5937	0.082062
5923	5945	0.096742
5924	5926	0.034956
5924	5928	0.068368
5924	5935	0.08551
5924	5936	0.093152
5924	5942	0.10074
5925	5929	0.011061
5925	5930	0.016345
5925	5931	0.027449
5925	5932	0.024872
5925	5933	0.026178
5925	5935	0.032022
5925	5939	0.045129
5925	5942	0.047249
5925	5944	0.046605
5926	5927	0.025972
5926	5930	0.0021871
5926	5933	0.044709
5926	5935	0.050554
5926	5936	0.058197
5926	5937	0.051971
5926	5940	0.072661
5926	5942	0.065781
5926	5943	0.033606
5927	5928	0.0074405
5927	5933	0.018737
5927	5935	0.024582
5927	5943	0.0076337
5927	5945	0.040679
5928	5929	0.0038198
5928	5931	0.012568
5928	5932	0.0099915
5928	5933	0.011297
5928	5938	0.035757
5928	5941	0.051166
5928	5943	0.0001932
5929	5930	0.027406
5929	5931	0.016388
5929	5933	0.015117
5929	5934	0.011147
5929	5935	0.020961
5929	5938	0.039577
5929	5942	0.036188
5930	5933	0.042522
5930	5936	0.05601
5930	5943	0.031419
5930	5945	0.064464
5931	5932	0.0025763
5931	5933	0.0012709
5931	5937	0.0059908
5931	5938	0.023189
5931	5939	0.01768
5931	5941	0.038598
5931	5942	0.019801
5932	5933	0.0013055
5932	5934	0.0026646
5932	5937	0.0085671
5932	5938	0.025765
5932	5939	0.020257
5932	5942	0.022377
5932	5943	0.0097983
5932	5944	0.021733
5933	5934	0.0039701
5933	5942	0.021072
5933	5943	0.011104
5933	5944	0.020427
5933	5945	0.021942
5934	5937	0.011232
5934	5938	0.02843
5934	5940	0.031922
5934	5942	0.025042
5934	5943	0.0071337
5934	5945	0.025912
5935	5937	0.0014169
5935	5938	0.018615
5935	5941	0.034024
5935	5944	0.014582
5936	5941	0.026382
5936	5942	0.0075843
5936	5943	0.024591
5936	5945	0.0084544
5937	5938	0.017198
5937	5939	0.01169
5937	5940	0.02069
5937	5941	0.032608
5937	5943	0.018365
5937	5944	0.013166
5938	5939	0.0055087
5938	5943	0.035564
5938	5944	0.0040327
5939	5940	0.0090008
5939	5941	0.020918
5939	5943	0.030055
5939	5945	0.0029905
5940	5942	0.0068804
5940	5943	0.039056
5940	5944	0.0075248
5941	5943	0.050973
5941	5944	0.019442
5941	5945	0.017928
5942	5943	0.032175
5942	5945	0.00087016
5943	5944	0.031531
5943	5945	0.033045
5946	5947	0.0016098
5958	5966	0.56694
5962	5968	0.013627
5962	5971	0.014892
5964	5966	0.0044748
5964	5967	0.15549
5964	5971	0.0087643
5965	5969	0.011197
5966	5968	0.0030252
5966	5971	0.0042895
5972	5974	0.0048769
5974	5975	0.00028704
5980	5982	0.0089491
5982	5983	0.0010398
5987	5988	0.00075093
5995	5996	0.2801
6007	6009	0.0016041
6008	6013	0.0033297
6015	6023	0.19538
6019	6026	0.0041018
6020	6021	0.013484
6023	6027	0.4114
6027	6032	0.090735
6027	6039	0.10703
6027	6040	0.10786
6027	6044	0.10889
6029	6031	0.12463
6029	6035	0.13663
6029	6039	0.024701
6029	6040	0.025671
6029	6044	0.026875
6029	6045	0.02712
6031	6040	0.10682
6031	6044	0.10605
6031	6045	0.10589
6032	6040	0.021093
6032	6045	0.022541
6035	6041	0.014577
6036	6047	0.0034985
6037	6052	0.047537
6039	6044	0.002174
6040	6041	0.12848
6040	6043	0.19824
6040	6045	0.0014493
6041	6043	0.17283
6058	6059	0.0029507
6058	6064	0.011985
6059	6069	0.044236
6060	6067	0.1213
6066	6067	0.00025478
6072	6075	0.0062095
6075	6076	0.0029237
6075	6077	0.0037534
6082	6083	0.0020934
6084	6092	0.011925
6098	6099	0.00060989
6098	6100	0.0030184
6099	6100	0.0024085
6099	6101	0.0075042
6099	6102	0.012152
6100	6101	0.0050957
6101	6102	0.0046477
